0.9 8085 616 0.0761904761905
0.8 3441 635 0.184539378088
150:5 7 2 0.285714285714
300:10 23 1 0.0434782608696
10:5 25925 3302 0.127367405979
0.2 110 6 0.0545454545455
10:1 17842 4054 0.227216679744
0.7 54 4 0.0740740740741
0.6 58 3 0.051724137931
100:20 14297 1047 0.0732321466042
200:5 57 3 0.0526315789474
null 701602 701602 1.0
300:20 56 4 0.0714285714286
100:5 5053 314 0.0621413021967
150:20 17437 239 0.0137064862075
100:1 537 37 0.0689013035382
30:5 270712 23368 0.0863205177458
100:10 182554 5550 0.0304019632547
200:50 5585 132 0.0236347358997
30:1 17654 2561 0.145066273932
0.85 649 43 0.0662557781202
200:10 575 28 0.0486956521739
200:100 12 2 0.166666666667
100:50 1774 233 0.131341600902
30:10 12692 371 0.0292310116609
0.5 186 20 0.10752688172
50:10 28452 1242 0.0436524673134
50:30 9 1 0.111111111111
20:10 514 101 0.196498054475
50:1 3354 311 0.092725104353
200:30 29327 272 0.0092747297712
50:5 47379 3073 0.0648599590536
0.75 121 5 0.0413223140496
300:50 206 11 0.0533980582524
5:1 2526 641 0.253760886778
300:30 28979 419 0.0144587459885
150:30 654 79 0.120795107034
200:20 111046 1731 0.0155881346469
30:20 24 1 0.0416666666667
100:30 38196 1033 0.0270447167243
20:5 91013 12471 0.137024381132
20:1 51705 8280 0.160139251523
50:20 8203 485 0.0591247104718
150:50 306 9 0.0294117647059
0.95 20568 2521 0.122569039284
150:10 5325 121 0.0227230046948
