1 14 0
2 4 0
3 9 0
4 38 5
5 54 3
6 61 0
7 3 0
8 0 0
9 6 0
10 1 0
11 5 0
12 5 0
13 47 1
14 17 1
15 126 11
17 63 2
18 15 3
19 82 1
20 139 8
21 17 1
22 15 0
23 20 0
24 4 0
25 239 17
26 15 0
27 18 0
28 28 1
29 8 0
30 8 0
31 50 0
32 1 1
33 10 1
34 8 1
35 96 2
36 6 3
37 24 0
38 9 0
39 37 0
40 160 6
41 5 0
42 1373 65
43 3 0
44 26 0
45 16 0
46 2 0
47 21 0
48 42 9
49 5 0
50 32 11
51 4 0
52 8 0
53 17 0
54 10 0
55 45 2
56 7 0
57 27 0
58 2851 108
59 3 0
60 29 0
61 13 2
62 8 1
63 14 0
64 11 0
66 16 0
68 31 0
69 36 2
70 1 0
71 3 0
72 75 0
73 9 1
74 97 13
75 132 30
76 245 6
77 40 1
78 3 0
79 324 1
81 37 3
82 2 2
83 30 2
84 9 1
85 45 4
86 38 6
87 99 2
88 39 3
90 3 0
92 126 2
93 66 3
94 18 3
95 5 0
96 476 19
97 7 0
98 17 0
99 9 0
100 13 3
101 11 0
102 4 0
103 4 0
104 24 0
105 41 6
106 10 1
107 11 4
108 2 0
109 43 4
110 36 3
111 7 0
112 61 1
113 106 4
114 3 0
115 3 0
116 5 0
118 9 0
119 12 0
120 227 1
121 12 0
122 205 8
125 557 19
127 2 0
128 6 1
129 2210 261
130 25 1
131 14 0
132 63 3
133 47 9
134 33 1
135 4 0
136 7 0
137 3 0
138 8 0
139 10 1
140 29 2
141 5 0
142 6 0
143 53 1
144 3 0
145 12 0
146 15 3
147 28 0
148 0 0
149 39 0
150 167 6
151 2 0
152 9 1
153 9 0
154 23 0
155 16 0
156 8 0
157 10 4
158 1 0
159 16 1
160 15 2
161 1 0
162 19 1
163 7 1
165 156 4
166 18 0
167 9 0
168 6 0
169 8 0
170 7 0
171 2319 332
172 16 0
173 153 33
175 280 15
176 31 3
177 9 0
178 92 5
179 65 3
180 6 0
181 16 0
182 5 0
183 43 2
184 10 0
185 3 0
187 255 21
188 8 0
189 16 1
190 4 1
191 7 0
193 4 0
194 119 2
195 28 0
196 14 3
197 7 0
198 9 0
199 19 0
200 78 13
201 49 3
202 30 0
203 48 0
204 18 0
205 16 0
206 12 0
207 69 5
208 395 15
209 1213 221
210 12 1
211 65 3
212 529 70
213 2 0
214 20 0
215 5 0
216 3 1
217 12 0
218 242 31
219 48 8
220 28 0
221 9 4
222 27 3
223 2 1
224 30 0
225 6 0
226 9 0
227 7 0
228 14 0
229 32 2
230 34 0
231 11 0
232 3 0
233 67 0
234 3 0
235 2 1
236 6 0
237 6 0
238 15 0
239 39 1
240 12 1
241 6 0
242 21 0
243 7 0
244 1 0
245 21 0
246 127 18
247 5 0
248 10 1
249 7 0
250 42 0
251 55 2
253 5 0
255 21 1
256 14 0
257 5 0
258 0 0
259 20 1
260 1 0
261 29 0
262 146 16
263 4 0
265 2 0
266 28 2
267 2 0
268 8 0
269 20 1
270 28 0
271 10 1
272 10 0
273 8 4
274 2 0
275 20 0
276 11 0
277 3 1
278 12 1
279 21 0
280 3 0
281 78 9
282 9 0
283 15 0
284 24 3
285 8 2
286 266 11
287 3 0
288 1 1
289 23 3
290 17 0
291 13 0
292 6 0
293 7 0
294 2 0
295 35 0
296 16 1
297 21 0
298 48 0
299 17 1
300 15 0
301 15 0
302 29 0
303 180 12
304 48 11
305 42 1
306 0 0
307 3 1
308 19 1
310 3 0
311 6 0
312 2 0
313 3 0
314 177 2
315 4 0
316 5 1
317 32 16
318 4 0
319 10 0
321 14 0
323 3 0
324 9 4
325 6 0
326 26 0
327 13 1
328 32 4
329 56 0
330 21 5
331 10 0
332 8 0
333 8 0
334 8 2
335 8 0
336 2 2
337 17 0
338 10 0
339 9 2
340 3 0
341 5 0
342 222 22
343 53 5
344 9 0
345 13 0
346 20 3
347 1 1
348 7 0
349 8 0
350 17 7
351 92 27
353 11 0
354 10 0
355 22 2
356 7 0
357 40 1
358 9 0
359 7 2
360 5 0
361 4 0
362 35 0
363 10 0
364 14 0
365 15 0
366 1 0
367 4 0
368 17 0
369 4 0
370 0 0
371 23 0
372 125 0
373 57 0
374 9 0
375 43 15
376 1 0
377 13 0
378 12 0
379 24 0
380 2123 178
381 16 2
382 287 14
383 5 0
384 41 5
385 31 1
386 34 9
387 8 0
388 300 27
389 16 5
390 1 1
391 331 16
392 1 1
393 11 0
394 18 0
395 32 5
396 13 0
397 113 26
398 189 34
399 10 2
400 39 2
401 2 0
402 6 0
403 18 1
405 3 0
406 37 7
407 7 2
408 28 1
409 16 3
410 59 2
411 70 6
412 49 0
413 7 0
414 3 3
415 8 0
416 16 4
417 5 0
419 33 1
420 49 2
421 18 1
422 16 1
423 69 3
424 15 0
425 24 0
426 10 0
427 18 1
428 14 0
429 3 0
430 8 0
431 39 2
432 5 0
433 8 3
434 48 1
435 58 1
436 20 0
437 7 1
438 11 0
440 13 0
441 133 13
442 18 16
443 7 0
445 23 0
446 3 0
447 42 2
448 1 0
449 24 4
450 12285 1010
451 256 10
452 8 0
453 11 1
454 12 0
455 13 0
456 56 3
457 103 6
458 3 0
459 13 1
460 35 0
461 34 3
462 11 0
463 60 9
464 46 4
465 18 0
468 5 0
469 22 0
470 4 0
471 21 1
472 2 0
474 9 0
475 4 0
476 10 0
477 144 8
478 73 5
479 2 0
480 18 0
481 9 0
482 8 0
483 42 1
484 3 0
485 2 0
486 2 0
487 33 0
488 22 0
489 6 0
490 22 3
491 8 0
492 56 2
493 12 0
494 11 0
495 68 2
496 29 4
497 51 1
498 6 0
499 7 0
500 8 1
501 6 0
502 17 0
503 220 13
504 12 2
505 15 1
506 15 1
508 156 12
509 9 0
510 3 0
511 3 0
512 153 34
513 2 0
514 531 2
515 2 0
516 10 1
517 1433 111
518 23 0
519 31 11
520 4 0
521 32 0
522 7 0
523 25 4
524 63 3
525 3 0
526 4 0
527 18 0
528 1 0
529 10 0
530 27 0
531 87 2
532 0 0
533 5 0
534 6 0
535 13 0
537 6 0
538 8 1
539 417 2
540 20 1
541 24 0
543 48 1
544 14 0
545 26 2
546 2 0
547 210 14
548 3 0
549 25 0
550 12 2
551 5 0
552 0 0
553 10 1
554 31 2
555 63 5
556 10 0
557 13 0
558 9 0
559 2 0
560 8 2
561 41 5
562 14 0
564 31 8
565 9 0
567 12 2
568 4 0
569 12 1
570 11 1
571 11 0
572 3 0
573 28 0
574 67 8
575 12 0
576 229 11
577 25 0
578 6 0
580 8 2
581 13 0
582 89 14
583 3 0
584 8 0
586 1 0
587 43 2
588 5 0
589 25 3
590 10 0
591 14 0
592 35 6
593 27 0
595 5 1
596 6 0
597 11 0
598 22 0
599 135 7
600 82 4
601 36 0
602 14 2
604 39 2
605 101 3
606 6 0
607 17 6
608 4 0
609 10 0
610 7 0
611 1011 117
612 7 0
613 9 0
614 7 1
615 34 1
616 8 1
617 23 1
618 184 4
619 56 1
620 53 2
621 55 0
622 0 0
623 2 0
624 20 0
625 6 0
626 36 1
627 7 0
628 19 2
629 656 14
630 2 0
631 1 0
632 42 2
633 1 0
634 11 0
635 7 0
636 8 1
637 12 1
638 40 7
639 14 0
640 74 1
641 6 0
642 734 170
643 83 0
644 1 0
645 6 0
646 23 4
647 2 1
648 28 3
649 117 2
650 8 4
651 2 2
652 3 0
653 9 2
654 5 1
655 3 0
656 64 6
657 1 0
658 14 0
659 19 0
660 13 0
662 23 0
663 45 0
664 48 7
665 97 3
666 3 0
667 16 0
668 0 0
669 5 0
670 77 12
671 9 0
672 75 12
673 9 1
674 77 6
675 30 3
676 3 0
677 71 0
678 2 0
679 1 0
680 270 12
682 8 0
683 25 6
684 11 0
685 193 50
686 7 1
687 11 1
688 6 0
690 13 0
691 10 0
692 4 0
693 14 0
694 2 0
695 3 0
696 1 0
697 10 1
698 91 21
699 47 2
700 18 0
701 26 1
702 4 1
703 3 0
704 12 0
705 5 2
706 15 1
707 35 5
708 7 0
709 75 1
710 2 0
711 79 2
712 10 0
713 4 0
714 46 1
715 33 8
716 11 1
717 1 0
718 23 9
719 20 0
720 2 0
721 6 1
723 73 4
724 87 8
725 3 0
726 3 0
727 0 0
728 4 0
729 91 4
730 7 0
731 23 1
732 1 0
733 9 1
734 76 5
735 17 1
736 19 4
737 3 0
738 3 0
739 1 1
741 208 16
742 314 25
743 12 2
744 391 3
745 10 2
746 15 0
747 12 2
748 6 3
749 7 0
750 28 0
751 7 1
752 24 1
753 2 0
754 7 0
755 91 5
756 20 2
757 12 0
758 4 0
759 11 0
760 18444 2643
761 5 0
762 5 0
763 10 0
764 10 2
765 13 0
766 9 0
767 33 0
768 87 56
770 36 0
771 23 0
772 841 25
773 11 0
774 14 0
775 768 75
776 5 2
777 66 5
778 2 0
779 93 11
780 20 4
781 3 0
782 12 1
783 1 0
784 11 0
785 7 0
786 132 0
787 4 1
788 17 3
789 8 0
790 2 0
791 17 0
792 86 3
793 3 1
794 28 0
795 40 0
796 160 14
797 4735 959
798 39 4
799 38 1
800 114 5
801 9 0
802 6 0
803 29 4
804 36 0
805 37 2
806 234 37
807 11 1
809 57 3
810 5 1
811 39 0
812 7 0
813 4 0
814 9 9
816 10 0
817 2 0
818 4 0
819 38 4
820 2 0
821 4 0
822 87 9
823 13 7
824 20 1
825 38 1
827 11 2
828 3 0
829 1 0
830 4 0
832 8 0
833 129 4
834 18 5
835 9 0
836 29 1
837 4 0
838 6 0
839 16 0
840 35 2
841 10 2
842 4 0
843 1 0
844 61 1
845 7 0
846 3 0
847 6 0
848 11 0
849 20 0
850 20 4
851 2 0
853 17 1
854 32 1
855 5 0
856 10 0
857 12 6
858 5 0
859 23 3
860 21 2
861 15 4
862 8 0
863 4 0
864 8 0
865 26 0
866 10 2
867 7 0
868 4 0
869 121 1
870 2 0
871 50 0
872 5 0
873 1 0
874 103 5
875 1 0
876 128 9
877 491 5
878 3 0
879 8 0
880 15 2
881 9 0
882 26 0
883 37 2
884 5 0
885 18 0
886 1 0
887 6 0
888 29 0
889 81 9
890 7 1
891 5 4
892 405 15
893 12 0
894 24 3
895 11 0
896 2 0
897 2 0
898 66 1
899 2 2
900 27 0
901 15 1
902 19 2
903 2 0
904 400 36
905 7 0
906 2 0
907 9 0
908 6 0
909 7 1
910 6 0
911 24 0
912 15 0
913 189 35
914 11 1
915 173 1
916 2 0
917 5 0
918 6 0
919 14 0
920 3 0
921 35 0
922 2 1
923 12 1
924 431 53
925 5 0
926 18 1
927 26 0
928 16 1
929 1 1
930 21 0
931 203 42
932 8 0
933 3 0
934 8 8
935 9 0
936 21 0
937 11 3
938 41 1
939 319 7
940 2 0
941 60 1
942 8 0
943 15 2
944 7 3
945 21 2
946 14 0
947 1 1
948 26 0
949 54 0
950 6 0
951 30 2
952 16 2
953 17 0
954 1 0
955 5 0
956 22 0
958 204 10
959 21 1
960 23 0
961 77 0
962 23 1
963 57 12
964 8 0
965 9 0
966 9 4
967 4 0
968 7 0
969 6 5
970 862 107
971 20 0
972 11 0
973 9 2
974 213 12
975 13 0
976 3 0
977 7 1
978 3 1
979 22 6
980 6 0
981 2 0
982 12 1
983 53 0
984 717 54
985 5 0
986 230 7
987 5 0
988 23 1
989 58 4
990 13 0
991 15 1
992 11 0
993 1 1
994 42 8
995 14 2
996 164 27
997 63 1
998 3 2
999 4 0
1000 5 0
1001 38 13
1002 11 0
1003 5 0
1004 410 1
1005 34 1
1007 32 1
1008 12 0
1009 7 0
1010 13 0
1011 102 7
1012 1 0
1013 93 4
1014 2 0
1015 42 7
1016 13 2
1017 11 0
1018 14 4
1019 12 0
1020 4 0
1021 6 0
1022 9 1
1023 94 14
1024 15 0
1025 12 2
1026 18 1
1027 13 0
1028 44 2
1029 1 1
1030 30 0
1031 7 1
1032 5 0
1033 4 0
1034 23 0
1035 9 1
1036 80 2
1037 90 8
1039 6 0
1040 12 0
1041 3555 381
1042 15 0
1043 37 0
1044 24 4
1045 6 0
1046 15 0
1047 2 0
1048 2 0
1049 6 0
1050 4 1
1051 31 0
1052 51 5
1053 8 0
1054 1 0
1055 1 0
1057 38 2
1058 28 0
1059 15 0
1060 35 0
1061 64 3
1062 12 0
1063 1 0
1064 21 0
1065 26 1
1066 5 0
1067 1 0
1068 32 2
1069 2 0
1070 11 0
1071 7 1
1072 726 59
1073 182 3
1074 10 0
1075 13 2
1076 7 1
1077 16 0
1078 3 0
1079 4 0
1080 4854 148
1081 25 0
1082 8 1
1083 82 0
1084 4 0
1085 13 0
1086 4 0
1087 23 1
1088 8 0
1089 17 1
1090 3 0
1091 32 6
1092 19 0
1093 18 0
1094 7 0
1095 20 3
1096 23 1
1097 5 0
1098 8 0
1099 12 0
1100 8 0
1101 6 0
1102 2 0
1103 9 0
1105 16 0
1106 6 0
1107 17 1
1108 6 0
1109 14 1
1110 20 0
1111 47 0
1112 6 1
1113 10 0
1114 6 1
1115 53 1
1116 3 0
1117 4 0
1118 20 3
1119 1 0
1120 6 1
1121 5 0
1122 11 0
1123 16 3
1124 10 0
1125 3427 145
1126 19 2
1127 66 6
1128 1 0
1129 8 0
1130 6 0
1131 12 4
1132 27 2
1133 6 0
1134 71 0
1135 10 0
1136 40 3
1137 18 2
1138 7 0
1139 4 0
1140 8 0
1141 40 1
1142 21 0
1143 47 0
1144 9 0
1145 18 0
1147 11 0
1148 132 2
1149 20 2
1150 1 0
1151 9 0
1152 10 0
1153 16 1
1154 7 0
1155 14 0
1157 187 6
1158 7 0
1159 69 2
1160 55 5
1161 6 1
1162 18 0
1163 62 2
1164 1 0
1165 27 0
1166 6 0
1167 5 0
1168 35 1
1169 4286 392
1170 2 0
1171 5 0
1172 21 0
1173 7 0
1174 7 0
1175 99 1
1176 3 0
1177 41 2
1178 14 0
1179 4 0
1180 60 1
1181 19 0
1182 193 13
1183 17 1
1184 13 0
1185 24 6
1186 20 1
1187 33 3
1188 35 10
1189 8 0
1190 2 0
1191 47 2
1192 22 0
1193 142 3
1194 111 11
1195 16 0
1196 5 0
1197 17 3
1198 5 0
1199 6 0
1200 1 1
1201 26 0
1202 4 0
1203 18 0
1204 12 0
1205 3 0
1206 4 0
1207 7 0
1208 86 0
1209 2 0
1210 6 2
1211 8 0
1212 9 0
1213 32 4
1214 76 0
1215 51 0
1216 60 13
1217 4 0
1218 51 0
1219 35 6
1220 2 0
1221 145 3
1222 1 0
1223 0 0
1224 5 0
1225 10 0
1226 20 2
1227 6 1
1228 11 0
1229 1 0
1230 15 0
1231 5 0
1232 3 0
1233 20 0
1234 0 0
1235 22 2
1236 5 0
1237 3 0
1238 6 1
1239 8 0
1240 13 4
1241 3 0
1242 34 1
1243 55 6
1244 437 28
1245 7 3
1246 4 2
1248 2 0
1249 5 0
1250 1 0
1251 14 0
1252 11 0
1253 103 43
1254 7 0
1255 11 0
1256 47 3
1257 116 0
1258 10 1
1259 2 0
1260 0 0
1262 2 0
1263 1 0
1264 64 11
1265 9 2
1266 65 3
1267 17 0
1268 7 1
1269 5 0
1270 42 3
1271 23 0
1272 13 0
1273 10 0
1274 19 1
1275 7 1
1277 9 0
1279 24 3
1280 5 1
1281 14 1
1282 114 16
1283 2 0
1284 30 3
1285 5 0
1286 25 3
1287 2 2
1288 36 5
1289 4 0
1290 5 1
1291 20 0
1292 14 2
1293 5 0
1294 1 1
1295 9 0
1296 3 2
1297 21 3
1298 56 5
1299 20 0
1300 219 15
1301 32 6
1303 8 1
1304 8 0
1305 50 0
1306 5 0
1307 10 2
1308 27 0
1309 34 3
1310 55 2
1311 6 0
1312 16 0
1313 20 0
1314 44 0
1315 5 1
1316 21 0
1317 31 4
1318 2 1
1319 16 0
1320 174 13
1321 2 0
1322 32 1
1324 11 0
1325 1 0
1326 2 1
1327 3 0
1328 11 0
1329 14 0
1330 4 0
1331 6 0
1332 16 0
1333 11 0
1334 6 1
1336 369 13
1337 34 0
1338 15 4
1339 37 0
1340 0 0
1341 6 0
1342 77 0
1343 32 1
1344 7 2
1345 53 0
1346 13 0
1347 25 0
1348 12 0
1351 25 4
1352 143 1
1353 22 1
1354 11 0
1355 13 2
1356 17 4
1357 11 0
1358 14 0
1359 10 0
1360 246 47
1361 71 11
1362 29 1
1363 16 1
1365 8 0
1366 10 1
1367 53 1
1368 30 0
1369 3 0
1370 66 1
1371 3 0
1372 11 0
1373 5 0
1375 7 1
1376 3 0
1377 35 0
1378 11 0
1379 7227 731
1380 10 3
1381 7 0
1382 24 2
1383 18 1
1384 8 1
1385 7 0
1386 3 2
1387 2 0
1388 7 0
1389 2 2
1390 79 31
1391 25 2
1392 7 0
1393 27 1
1395 2 0
1396 5 0
1397 29 0
1398 110 15
1399 4 0
1400 15 0
1401 9 0
1402 1 0
1403 176 5
1404 8 0
1405 6 0
1406 34 0
1407 8 2
1408 9 0
1409 7 0
1410 2 0
1411 0 0
1412 91 6
1413 34 1
1414 8 1
1415 23 0
1416 4 0
1417 70 1
1418 110 3
1419 11 0
1420 8 0
1421 11 0
1422 29 6
1423 13 0
1424 1 0
1425 12 1
1426 4 0
1427 55 1
1428 14 0
1429 6 0
1430 44 2
1431 7 0
1432 19 0
1433 9059 685
1434 69 25
1435 55 0
1436 26 0
1437 2 0
1438 9 1
1439 15 1
1440 490 45
1441 7 0
1442 14 1
1443 84 8
1444 20 1
1445 13 0
1446 54 1
1447 40 1
1448 82 7
1449 19 0
1450 25 0
1451 12 0
1452 82 0
1453 20 1
1454 71 0
1456 1 0
1457 11 2
1458 8 0
1459 14 3
1460 7 0
1461 26 1
1462 7 0
1464 58 2
1465 8 0
1466 7 0
1468 16 4
1469 13580 510
1470 8 0
1471 0 0
1472 63 4
1474 113 1
1475 3 0
1476 31 2
1477 2 2
1478 12 0
1479 9 0
1480 1 0
1481 29 6
1482 15 0
1483 3 1
1484 1 0
1485 5 0
1486 7 1
1487 30 2
1488 5 0
1489 9 2
1490 22 0
1491 108 4
1492 25 0
1493 13 4
1494 579 1
1495 296 8
1496 15 0
1497 39 2
1498 94 3
1499 7 0
1501 5 0
1502 8 0
1503 7 0
1504 8 0
1505 4 0
1506 12 0
1507 10 0
1508 21 0
1509 16 0
1510 19 0
1511 6 1
1512 8 0
1513 52 2
1514 36 2
1515 35 3
1516 27 0
1517 1 0
1518 1 0
1519 4 0
1520 1108 1108
1521 22 0
1522 23 2
1523 3 0
1524 1 0
1525 14 0
1526 150 12
1527 6 0
1528 5 3
1529 35 4
1530 143 7
1531 31 1
1532 7 1
1533 2 0
1534 7 0
1536 8 1
1537 0 0
1538 4 0
1539 22 0
1540 153 0
1541 46 3
1542 13 2
1543 7 1
1544 67 9
1546 8 2
1548 8 0
1549 8 0
1550 2 0
1551 8 0
1552 3 0
1553 38 2
1554 81 0
1555 8 0
1556 5 0
1557 0 0
1558 3 0
1559 10 0
1560 2 2
1561 9 0
1562 8 0
1563 13 0
1564 6 2
1565 14 3
1566 30 0
1568 31 2
1569 1070 114
1570 79 1
1571 150 0
1572 10 0
1573 5 1
1574 74 1
1575 5 0
1576 70 11
1577 5 0
1578 28 6
1579 54 1
1580 324 0
1581 22 4
1582 11 0
1583 21 6
1584 1 1
1585 555 54
1586 11 2
1587 9 0
1588 98 8
1589 7 1
1590 5 0
1591 16 0
1592 13 0
1593 3 0
1594 10 1
1595 9 1
1597 42 4
1598 226 0
1599 19 2
1600 2 0
1601 106 18
1602 7 0
1603 3 0
1604 28 1
1605 17 4
1606 41 1
1607 14 2
1608 11 0
1609 0 0
1610 29 1
1611 2 0
1612 7 0
1613 62 4
1614 627 78
1615 24 0
1616 76 10
1617 8 0
1618 9 2
1620 140 6
1621 18 0
1622 1 0
1623 342 30
1624 7 0
1625 10 3
1626 39 2
1627 59 4
1628 11 2
1629 4 0
1630 6 0
1631 109 17
1632 4 0
1633 8 0
1634 9 0
1635 33 0
1636 32 2
1637 218 2
1638 51 3
1639 0 0
1640 37 0
1641 16 0
1642 14 1
1643 10 0
1644 116 25
1645 6 1
1646 83 14
1647 16 1
1648 66 11
1649 23 0
1650 67 1
1651 19 0
1652 3 0
1653 87 4
1654 162 17
1655 43 2
1656 496 4
1657 1 0
1658 8 0
1659 10 0
1660 7 1
1661 14 0
1662 34 1
1663 156 5
1664 4 0
1665 4 0
1666 3 0
1667 4 0
1668 9 0
1669 1 0
1670 14 0
1671 11 0
1672 32 2
1673 13 0
1674 0 0
1675 53 3
1676 31 2
1677 6 0
1678 2 0
1679 27 0
1680 14 2
1681 1 0
1682 18 1
1683 5 0
1684 8 0
1685 22 1
1686 21 1
1687 27 2
1688 0 0
1689 1 0
1690 2 0
1691 13 0
1692 14 0
1693 27 10
1694 9 0
1695 7 0
1697 28 2
1698 7 0
1699 4 0
1700 60 1
1701 9 0
1702 9 6
1703 8 0
1704 0 0
1705 8 0
1706 25 0
1707 7 0
1708 53 7
1709 7 0
1710 32 0
1711 5 0
1712 5 0
1713 111 2
1714 21 0
1715 1368 130
1717 7 7
1718 25 3
1719 11 0
1720 4 0
1721 4 0
1722 11 2
1723 8 1
1724 15 0
1725 51 8
1726 1 0
1727 1 0
1728 4 0
1729 20 0
1730 17 5
1731 25 2
1732 915 32
1733 5 0
1734 7 0
1735 345 11
1736 23 5
1737 11 0
1738 25 2
1739 15 0
1740 6 1
1741 24 0
1742 80 3
1743 8 0
1744 1 1
1745 4 0
1746 11 0
1747 25 0
1748 20 0
1749 192 20
1750 49 2
1751 22 2
1752 5 2
1754 207 6
1755 18 2
1756 15 1
1757 11 1
1758 9 0
1759 18 0
1760 11 0
1761 19 0
1762 28 0
1763 15 1
1764 40 0
1765 102 0
1766 6 0
1767 55 1
1768 59 0
1769 29 0
1770 11 0
1771 4 2
1772 145 4
1773 6 0
1774 44 0
1775 449 8
1776 96 6
1777 5 0
1778 55 11
1779 12 1
1780 11 0
1781 0 0
1782 9 0
1783 2 0
1784 19 2
1785 26 0
1786 4 1
1787 4 0
1788 5 0
1789 4 1
1790 6 0
1791 38 4
1792 6 0
1793 149 22
1794 139 2
1795 12 1
1796 5 0
1797 5 0
1798 10 3
1799 20 0
1800 69 0
1801 13 2
1802 13 0
1803 677 2
1804 46 0
1805 49 2
1806 23 6
1807 101 8
1808 19 2
1809 39 3
1810 134 9
1811 37 0
1812 210 10
1813 9 1
1814 30 0
1815 87 0
1816 27 0
1817 1 0
1818 34 1
1819 8 0
1820 5 5
1821 17 1
1822 21 0
1823 8 0
1824 3 0
1825 1 0
1826 15 0
1827 13 5
1828 19 0
1829 204 58
1830 106 14
1831 71 2
1832 23 0
1833 6 0
1834 2 0
1835 11 0
1836 2 0
1837 61 2
1838 9 0
1839 455 12
1840 0 0
1841 37 6
1842 13 2
1843 19 0
1844 14 0
1845 7 0
1846 1 0
1847 7 0
1848 58 9
1849 12 0
1850 39 0
1851 62 4
1852 37 1
1853 205 10
1854 3 0
1855 15 7
1857 1 0
1858 5 0
1859 52 0
1860 302 37
1861 15 0
1862 12 0
1863 1 0
1864 13 1
1865 78 13
1866 36 2
1867 17 0
1869 6 0
1870 5 0
1871 17 0
1872 59 6
1873 31 0
1874 1 1
1876 4 4
1878 9 2
1879 34 0
1880 16 2
1881 24 2
1882 1 0
1883 19 0
1884 70 2
1885 1 0
1886 9 2
1887 7 0
1888 42 5
1889 2 0
1890 8 0
1891 65 2
1892 384 28
1893 73 34
1894 9 0
1895 7 1
1896 54 6
1897 18 1
1898 55 18
1899 2 0
1900 75 0
1901 8 0
1902 49 0
1903 20 0
1905 249 35
1906 6 0
1907 15 0
1909 35 0
1910 6 0
1911 8 0
1912 11 0
1913 103 2
1914 1 1
1915 80 5
1916 97 3
1918 8 0
1919 6 0
1920 8 0
1921 4 1
1922 17 0
1923 194 10
1924 1 0
1925 9 2
1926 22 1
1927 28 2
1928 6 0
1929 12 1
1930 13 0
1931 16 2
1932 37 2
1933 1 0
1934 8 0
1935 10 0
1936 155 8
1937 9 0
1938 58 0
1939 21 1
1940 24 0
1941 6031 332
1942 158 0
1943 95 2
1944 39 9
1945 5318 456
1946 7 0
1947 24 1
1948 28 6
1949 9 1
1950 139 9
1951 87 8
1952 25 0
1953 6 0
1954 6 1
1955 12 0
1956 22 0
1957 12 0
1958 19 0
1959 83 1
1961 1 0
1962 606 8
1963 10 1
1964 16 1
1965 20 1
1967 13 0
1968 179 11
1969 18 0
1970 6 0
1971 13 1
1972 3 0
1973 63 0
1974 10 0
1975 16 3
1976 1 0
1977 1 0
1978 21 1
1979 90 0
1980 2 0
1981 0 0
1982 151 0
1983 12 0
1984 31 1
1985 30 0
1986 9 0
1987 7 0
1988 10 0
1989 9 2
1990 1 0
1991 4 0
1992 0 0
1993 59 11
1995 59 0
1997 1 0
1998 48 1
1999 17 1
2000 6 0
2001 0 0
2002 36 3
2003 9 1
2004 45 0
2005 22 1
2006 10 0
2007 64 8
2008 8 0
2009 7 0
2010 7 7
2011 5 0
2012 5 0
2013 10 0
2014 13 1
2015 30 0
2016 17 2
2017 5 1
2018 4 0
2019 56 2
2020 275 14
2021 4 0
2022 416 33
2023 11 0
2024 5 0
2025 22 1
2026 10 0
2027 2 0
2028 19 3
2029 10 0
2030 4 2
2031 14 0
2032 31 0
2033 11 0
2034 9 0
2035 5 2
2036 374 114
2037 4 1
2038 8 0
2039 3 0
2040 9 0
2041 22 0
2042 40 0
2043 1 0
2044 17 0
2045 6 0
2046 107 5
2047 1 0
2048 6 0
2049 13 0
2050 1786 75
2051 42 2
2052 2 0
2053 4 4
2054 16 0
2055 19 5
2056 7 0
2057 27 0
2058 30 0
2059 4 0
2061 3 0
2062 61 3
2063 8 0
2064 4 0
2065 23 1
2066 1 1
2067 68 2
2069 86 5
2070 94 24
2071 23 3
2072 46 0
2073 3 0
2074 43 1
2075 53 3
2076 5 0
2077 7 0
2078 12 0
2079 17 0
2080 406 36
2081 27 2
2082 11 0
2083 18 0
2084 0 0
2085 97 1
2086 8 0
2087 14 1
2088 5 0
2089 39 2
2090 1 0
2091 15 2
2092 23 1
2093 17 0
2094 48 2
2095 4 0
2096 8 0
2097 6 0
2098 3 0
2099 9238 1333
2100 8 4
2101 7 0
2102 18 0
2104 150 7
2106 221 27
2107 289 15
2108 8 0
2109 30 2
2110 16 3
2111 10 0
2112 48 1
2113 39 1
2114 25 0
2116 11 0
2117 3 0
2118 2 0
2119 42 8
2120 16 1
2121 15 1
2122 8 2
2123 13 0
2125 29 1
2126 4 0
2127 17 3
2128 138 2
2129 4 0
2130 28 4
2131 13 1
2132 14 0
2133 5 0
2134 28 0
2135 50 0
2136 34 16
2137 12 0
2138 37 1
2139 18 0
2140 16 0
2141 22 0
2142 26 2
2143 20 2
2144 23 3
2145 51 1
2146 1713 47
2147 21 0
2148 0 0
2149 8 0
2150 17 1
2151 2 0
2152 15 0
2153 25 0
2155 9 0
2156 6 0
2157 20 2
2158 2 0
2159 9 0
2160 1 0
2161 7 0
2162 55 0
2163 8 0
2164 52 14
2165 48 0
2166 39 3
2167 199 11
2168 29 3
2169 118 10
2170 14 0
2171 3 0
2172 16 2
2173 22 0
2174 4 0
2175 2 0
2176 13 0
2177 38 7
2178 11 0
2180 33 1
2181 7 1
2183 16 0
2184 4 0
2185 4 0
2186 53 3
2187 25 3
2188 4 0
2189 49 2
2190 12 1
2191 2 0
2192 12 0
2193 12 0
2194 46 0
2195 52 2
2196 104 1
2197 6 0
2198 680 3
2199 55 0
2200 3 0
2201 16 0
2202 163 11
2203 5 5
2204 6 0
2205 4 0
2206 71 3
2207 10 1
2208 9 4
2209 8 0
2210 11 0
2211 18 0
2212 11 0
2213 7 2
2214 6 0
2215 69 2
2216 9 0
2217 13 2
2218 7 0
2219 62 5
2220 4 0
2221 2 0
2222 45 1
2223 5 0
2224 74 2
2225 156 7
2226 50 3
2227 57 4
2228 15 0
2229 1 0
2230 49 1
2231 2 0
2232 39 4
2233 131 6
2234 14 0
2235 23 1
2236 6 0
2237 25 2
2238 3 0
2240 64 4
2241 198 11
2242 7 0
2243 57 0
2244 9 4
2246 25 0
2247 191 16
2248 1 0
2249 10 0
2250 9 0
2251 57 0
2252 14 1
2253 24 0
2254 2 0
2256 24 0
2257 37 7
2258 20 1
2259 45 1
2260 1 0
2261 2 0
2262 28 11
2263 3 0
2264 25 5
2265 12 0
2266 6 0
2267 28 1
2268 26 5
2269 63 19
2270 5 0
2271 33 0
2272 3 0
2273 3 0
2274 3 0
2275 7 0
2276 14 0
2277 447 23
2279 150 6
2280 16 0
2281 18 3
2282 12 3
2283 4 0
2284 7 0
2285 228 8
2286 22 0
2287 46 2
2288 128 23
2289 7 0
2290 6 1
2291 11 0
2292 6 0
2294 3 0
2295 21 0
2296 102 7
2297 8 0
2298 13 0
2299 6 0
2300 9 0
2301 4 1
2303 6 0
2304 24 0
2305 56 2
2306 108 8
2307 9 0
2308 86 3
2309 61 1
2310 9 1
2311 13 2
2312 11 0
2313 14 1
2314 63 12
2315 6 1
2316 4 0
2317 21 0
2318 3 0
2319 103 22
2320 74 8
2321 9 1
2322 50 8
2323 12 0
2324 9 0
2325 9 0
2326 16 0
2327 17 0
2328 41 0
2329 4 0
2330 39 0
2331 26 4
2332 19 0
2333 173 7
2334 262 2
2335 8 1
2336 47 1
2337 21 0
2338 46 3
2339 132 25
2340 4 0
2341 4 0
2342 853 122
2343 5 1
2344 1 0
2345 435 106
2346 11 0
2347 27 1
2348 4 0
2349 1 0
2350 10 0
2351 4 0
2352 47 7
2353 15 0
2354 12 0
2355 10 0
2356 8 0
2357 1 0
2358 25 0
2360 71 0
2361 201 20
2362 4 0
2363 16 3
2364 12 0
2365 411 6
2366 17 1
2367 22 0
2368 51 7
2369 45 2
2370 0 0
2371 46 2
2372 59 2
2373 0 0
2374 12 1
2375 6 0
2376 35 0
2377 8 0
2378 26 0
2379 34 0
2380 6 0
2381 8 1
2382 40 4
2383 4 0
2384 45 0
2385 7 1
2386 13 0
2387 2 0
2388 26 0
2389 72 1
2390 26 5
2391 50 0
2392 3 0
2393 5 0
2394 16 2
2395 2 0
2396 23 0
2397 100 0
2398 5 0
2399 60 7
2400 50 2
2402 1 0
2403 52 7
2404 86 17
2405 7 0
2406 9 0
2407 67 0
2408 141 14
2409 2 0
2410 2 0
2411 11 0
2412 11 0
2413 9 0
2414 19 1
2415 11 0
2416 17 0
2417 1 0
2418 6 1
2420 78 3
2421 2 0
2422 124 23
2423 291 1
2424 1 0
2425 22 0
2426 2 0
2427 15 0
2428 0 0
2429 16 1
2430 37 1
2431 6 0
2432 39 1
2433 795 43
2434 390 4
2435 99 1
2436 10709 519
2437 22 3
2438 386 8
2439 14 0
2440 50 7
2441 178 13
2442 90 3
2443 4 0
2444 10 0
2445 12 3
2446 2 1
2447 10 0
2448 1 0
2449 20 1
2450 37 2
2451 1 1
2452 28 1
2453 68 0
2454 494 72
2455 2 0
2456 48 1
2457 9 0
2458 7 2
2459 8 1
2460 14 1
2461 443 87
2463 104 14
2464 13 0
2466 13 0
2467 22 1
2468 7 0
2469 138 1
2470 5 0
2471 4 0
2472 18 1
2473 24 0
2474 1 0
2475 21 0
2476 2 0
2477 71 0
2478 31 0
2479 150 6
2480 73 0
2481 14 0
2482 11 0
2483 5 0
2484 2 0
2485 29 1
2486 14 0
2487 64 8
2488 16 3
2489 12 0
2490 47 4
2491 52 5
2492 36 0
2493 110 0
2494 5 0
2495 2 0
2496 37 1
2497 16 0
2498 13 1
2499 5 0
2500 4 0
2501 2 0
2502 12 0
2503 42 7
2504 388 22
2505 17 2
2506 2 0
2507 4 0
2508 56 0
2509 12 0
2510 5 1
2511 34 0
2512 10 0
2514 3 0
2515 12 0
2516 19 0
2517 10 0
2518 0 0
2519 70 9
2520 83 9
2521 3 0
2523 6 0
2524 5 0
2525 2 0
2526 15 0
2527 16 0
2528 8 0
2529 23 0
2530 5 0
2531 6 1
2532 78 2
2533 4 0
2534 20 0
2535 21 1
2536 124 1
2537 11 0
2538 27 0
2539 6 0
2540 254 0
2541 2 0
2542 14 0
2543 7 1
2544 7 0
2545 20 1
2546 12 0
2548 4 0
2549 275 17
2550 60 3
2551 11 0
2552 6 2
2553 16 0
2554 22 3
2555 3 0
2556 20 1
2557 0 0
2558 130 5
2559 101 10
2560 6 2
2561 75 1
2562 13 0
2564 5 0
2566 15 2
2567 44 4
2568 44 3
2570 6 0
2571 0 0
2572 21 0
2573 4 0
2574 129 6
2576 30 2
2577 9 1
2578 4 0
2579 5 0
2580 46 0
2581 9 0
2582 28 2
2583 7 1
2584 7 1
2585 22 1
2586 25 2
2587 7 1
2588 9 0
2589 11 2
2590 15 0
2591 49 0
2592 199 7
2593 107 10
2594 16 1
2595 52 1
2596 10 2
2597 1 1
2598 2 1
2599 8 0
2600 10 0
2601 26 0
2602 16 3
2603 45 0
2604 3 0
2606 27 9
2607 23 0
2608 16 0
2609 48 8
2610 889 120
2611 11 0
2612 6 0
2613 50 2
2614 5 1
2615 93 7
2616 40 4
2617 6 1
2618 44 0
2619 196 40
2620 19 2
2621 25 1
2622 1539 87
2623 58 0
2624 9 1
2625 36 14
2626 16 0
2627 7 0
2628 13 0
2629 15 1
2630 4 0
2631 106 0
2632 21 1
2633 13 0
2634 330 8
2635 151 33
2636 1 0
2637 5 3
2638 1 0
2639 8 0
2640 10 1
2641 9 0
2642 7 0
2643 6 0
2645 222 12
2646 14 1
2647 4 0
2648 21 0
2649 2 0
2651 17 0
2652 53 4
2653 13 2
2654 7 0
2655 159 12
2656 16 3
2657 2 0
2658 20 2
2659 26 1
2660 150 1
2661 247 18
2662 44 8
2663 46 0
2664 29 0
2665 12 1
2666 76 0
2667 323 19
2668 66 3
2669 94 3
2670 29 0
2671 14 3
2672 18 0
2673 396 1
2674 19 0
2675 50 26
2676 320 9
2677 2 0
2678 65 6
2679 8 1
2680 4 0
2681 25 2
2682 9 1
2683 10 0
2684 20 0
2685 26 2
2686 2 0
2687 6 0
2688 15 0
2689 5 0
2690 91 0
2691 625 38
2692 35 0
2693 123 6
2694 1 0
2695 10 0
2696 31 1
2697 2 0
2698 22 0
2699 24 0
2700 70 1
2701 18 2
2702 33 2
2703 148 3
2704 4 0
2705 32 4
2706 14 0
2707 16 2
2708 11 0
2709 1965 112
2710 9 0
2711 92 0
2712 140 1
2713 2 0
2714 269 30
2715 6 0
2716 26 0
2717 10 0
2718 18 0
2719 9 0
2720 16 1
2721 9 0
2722 45 3
2723 35 2
2726 36 3
2727 35 0
2728 15 0
2729 42 0
2730 4 0
2731 531 52
2732 2 0
2733 104 2
2734 57 0
2735 19 2
2736 46 8
2737 29 2
2738 129 5
2739 6 0
2740 1 0
2741 4 0
2742 43 0
2743 2 0
2745 0 0
2746 2 1
2747 2 0
2748 12 1
2749 108 5
2750 10 0
2751 14 0
2752 1 1
2753 7 0
2754 68 1
2755 38 1
2756 47 5
2757 11 1
2758 5 0
2760 11 0
2761 17 0
2762 252 8
2763 7 0
2764 48 1
2765 450 109
2766 11 0
2767 1 0
2768 14 0
2769 22 0
2770 5 0
2771 11 0
2772 18 1
2773 17 0
2774 54 1
2775 8 0
2776 5 0
2777 3 0
2778 1 0
2779 8 1
2780 34 1
2781 10 2
2782 2 0
2783 160 7
2784 38 1
2785 10 1
2786 962 61
2787 12 0
2788 13 0
2790 15 0
2791 6 0
2792 15 0
2794 13 0
2795 11 1
2796 16 0
2797 6 0
2798 11 0
2799 15 0
2800 10 0
2801 17 0
2802 24 0
2803 33 0
2804 378 24
2806 4 0
2807 29 0
2808 24 0
2809 23 0
2810 1 1
2811 17 1
2812 8 0
2813 1337 135
2814 11 0
2815 15 0
2816 10 0
2817 3 0
2818 0 0
2819 9 0
2820 3 0
2821 71 0
2823 39 6
2824 4 0
2825 2 1
2826 4 0
2827 17 1
2828 14 3
2829 5 0
2830 10 0
2831 2 0
2832 4 0
2833 5 0
2834 32 2
2835 166 22
2836 41 0
2837 20 3
2838 24 0
2839 11 1
2840 2 0
2841 10 0
2842 31 1
2843 0 0
2844 31 0
2845 11 0
2846 20 0
2847 10 3
2848 140 43
2849 5 0
2850 4 0
2851 9 1
2852 272 11
2853 13 1
2854 420 12
2855 51 3
2856 9 0
2857 70 6
2858 24 1
2859 10 0
2860 1 1
2861 1 0
2862 25 0
2863 63 1
2864 6 0
2865 17 0
2866 5 0
2867 3 0
2868 16 1
2869 140 5
2870 4 0
2871 22 0
2872 45 4
2873 28 2
2874 7 0
2875 7 1
2876 38 4
2877 38 2
2878 2 1
2879 3 2
2880 3 0
2881 5 0
2882 49 1
2883 61 7
2884 6 0
2885 27 2
2886 4 0
2887 7 1
2888 5 0
2889 165 29
2890 12 0
2891 61 0
2892 7 0
2893 4 0
2894 14 2
2895 7 0
2896 62 0
2897 5 0
2899 118 6
2900 5 1
2901 32 2
2902 45 4
2903 5 0
2904 6 2
2905 11 2
2907 4 0
2908 26 2
2909 21 4
2911 8 2
2912 66 2
2913 66 6
2914 299 28
2915 14 0
2916 24 0
2917 5 0
2918 25 0
2919 5 2
2920 26 1
2921 15 0
2922 1 0
2923 180 19
2924 10 0
2925 4 0
2926 18 5
2927 6 1
2928 10 0
2929 55 1
2930 137 12
2931 4 0
2932 54 9
2933 3 0
2934 31723 1611
2935 1 0
2936 1 0
2937 7 0
2938 6 2
2940 15 7
2941 396 49
2942 8 1
2943 1 0
2944 58 12
2945 7 1
2946 2 0
2947 5 0
2948 9 0
2949 2 0
2950 48 1
2951 16 0
2952 4 0
2953 17 0
2954 26 2
2955 3 0
2956 18 0
2957 21 3
2958 14 0
2959 8 0
2960 17 0
2961 1 1
2962 7 0
2963 177 11
2964 7 1
2965 22 0
2966 6 1
2967 46 0
2968 6 0
2969 43 8
2970 5175 138
2971 3 0
2972 6 1
2973 217 15
2974 24 0
2975 124 3
2976 744 75
2977 34 3
2978 9 3
2979 47 3
2980 15 0
2981 59 3
2982 80 1
2983 8 0
2984 7 0
2985 6 3
2986 15 0
2987 176 6
2988 91 0
2989 18 1
2990 43 1
2991 11 0
2992 9 0
2993 46 1
2994 22 0
2995 522 88
2996 8 2
2997 6 0
2998 12 0
2999 44 2
3000 8 0
3001 10 0
3002 1 0
3004 15 1
3005 20 1
3006 17 0
3007 9 9
3008 20 1
3009 30 6
3010 7 0
3011 21 0
3012 18 0
3013 54 2
3014 3 0
3015 20 1
3016 8 0
3017 24 2
3018 15 2
3019 2 0
3020 13 1
3021 10 1
3022 447 10
3024 3 0
3025 182 14
3026 13 0
3027 6 0
3028 81 15
3029 70 0
3030 15 0
3031 3 1
3032 27 0
3033 571 0
3034 12 0
3035 222 6
3036 14 0
3037 28 4
3038 127 17
3039 3 0
3040 15 0
3041 26 0
3042 3 0
3043 34 0
3044 2 0
3045 28 5
3046 331 33
3047 13 1
3048 1 0
3049 12 1
3050 18 0
3051 2 0
3052 12 2
3053 4 1
3054 16 1
3055 13 0
3056 2 0
3057 14 0
3058 4 0
3059 12 0
3060 2 0
3061 3 0
3062 40 1
3063 21 0
3064 27 0
3065 25 0
3066 2 0
3067 1 1
3068 12 2
3069 1 0
3070 1 0
3071 16 2
3072 205 3
3074 19 2
3075 114 7
3076 825 10
3077 3 0
3078 11 2
3081 3 1
3082 28 1
3083 5 0
3084 5 0
3086 2 2
3087 10 0
3088 23 0
3089 51 1
3090 6 0
3091 26 2
3092 16 0
3093 4 0
3094 51 1
3095 11 1
3096 125 36
3097 5 1
3098 11 0
3099 19 1
3100 10 0
3101 485 21
3102 6 6
3103 116 1
3104 48 4
3105 13 5
3106 24 1
3107 2 1
3108 8 0
3109 55 0
3110 14 1
3111 19 2
3112 331 37
3113 29 0
3114 108 34
3115 6 0
3116 59 1
3117 343 5
3118 16 0
3119 4 0
3120 9 2
3121 12 0
3122 2 0
3123 179 40
3124 8 1
3125 11 0
3126 2 0
3127 1 1
3128 38 0
3129 2 0
3130 80 3
3131 14 1
3132 10 0
3133 18 7
3134 15 0
3135 11 0
3136 66 0
3137 17 2
3138 69 0
3139 103 12
3140 29 6
3141 1 1
3142 2 0
3143 3 0
3144 2 0
3145 19 0
3146 34 2
3147 7 0
3148 1 0
3149 22 0
3150 3 0
3151 36 0
3152 5 1
3153 19 0
3154 10 0
3155 96 5
3156 4 0
3157 9 1
3158 61 9
3159 16 1
3160 23 0
3161 14 0
3162 25 6
3163 13 1
3164 68 2
3165 60 11
3166 4 0
3167 9 1
3168 66 3
3169 2 1
3170 105 14
3171 171 25
3172 44 11
3173 534 11
3174 14 1
3175 74 6
3176 66 0
3177 2 0
3178 34 0
3179 5 0
3180 11 0
3181 10 0
3182 261 15
3183 2 0
3184 3 1
3186 12 0
3187 5 0
3189 14 3
3190 9 0
3191 45 4
3192 57 3
3193 53 0
3194 15 0
3196 5 1
3197 8 0
3198 9 1
3199 50 2
3200 4 0
3201 0 0
3202 28 1
3203 24 2
3205 19 6
3206 10 0
3207 12 0
3208 4 0
3209 8 0
3210 132 13
3211 32 1
3212 5 0
3213 1 0
3214 47 0
3215 0 0
3216 23 0
3217 4 0
3218 250 7
3219 2 0
3220 4 0
3221 1 0
3222 35 1
3223 21 0
3224 24 0
3225 8 0
3227 8 0
3228 31 0
3229 10 1
3230 42 2
3231 337 22
3232 779 84
3233 24 5
3234 4 0
3235 35 1
3236 32 2
3237 2 1
3238 8 0
3239 35 9
3240 32 2
3241 228 27
3243 1 0
3244 11 0
3245 55 3
3246 5 0
3247 8 0
3248 35 4
3249 10 0
3250 16 3
3251 1707 113
3252 18 0
3253 23 0
3254 10 0
3255 9 0
3256 11 1
3257 115 18
3258 4 0
3259 16 0
3260 13 0
3261 15 1
3262 421 0
3263 7 1
3264 45 0
3265 3 0
3266 15 0
3267 74 6
3269 42 3
3271 5 0
3272 11 0
3273 18 2
3274 4 0
3275 10 0
3276 30 2
3277 10 0
3278 6 0
3279 14 3
3280 5 0
3281 23 1
3282 12 2
3283 1527 469
3284 5412 510
3285 3 0
3286 12 0
3287 20 1
3288 25 12
3289 35 2
3290 15 3
3291 91 13
3292 21 0
3293 2017 189
3294 7 0
3295 1 0
3297 13 0
3298 225 26
3299 50 9
3300 4 0
3301 28 1
3302 48 0
3303 11 0
3304 13 1
3305 68 5
3306 1 0
3307 25 0
3309 6 0
3310 27 3
3311 27 0
3312 44 4
3313 26 0
3314 4 0
3315 94 1
3316 55 1
3318 87 5
3319 16 1
3320 7 0
3321 2 0
3322 14 5
3323 12 0
3324 5 0
3326 53 1
3327 8 0
3328 18 2
3329 18 0
3330 123 2
3331 17 0
3332 6 0
3333 15 2
3334 15 0
3335 23 0
3336 7 0
3337 78 13
3338 201 9
3339 19 1
3340 6 1
3341 6 0
3342 194 17
3343 32 0
3345 13 0
3346 22 5
3347 14 0
3348 20 0
3349 37 2
3350 0 0
3351 3 0
3352 36 1
3353 114 11
3354 28 0
3355 1 0
3356 3 0
3357 5 0
3358 0 0
3359 1 0
3360 163 32
3361 8 0
3362 513 21
3363 1 0
3364 50 1
3365 20 0
3366 1 0
3367 98 4
3368 11 0
3369 12 0
3370 17 4
3371 6 0
3372 34 1
3373 10 0
3374 1 0
3375 0 0
3376 60 0
3377 19 1
3378 16 2
3379 65 3
3380 14 0
3381 21843 1553
3383 27 0
3384 7 0
3385 20 0
3386 79 0
3387 43 1
3388 46 2
3389 71 7
3390 3 3
3391 6 1
3392 8 0
3393 6 0
3394 558 114
3395 13 0
3396 26 1
3397 10 0
3398 82 1
3399 14 0
3401 6 3
3402 2 0
3403 967 148
3404 5 0
3405 14 1
3406 220 12
3407 1 0
3408 25 0
3409 8 0
3410 15 2
3411 6 1
3412 4 0
3413 3 0
3414 29 1
3415 8 1
3416 24 0
3417 5 1
3418 32 0
3419 22 2
3420 4 0
3421 1 0
3422 11 0
3423 19 2
3424 53 2
3425 19 0
3426 40 3
3427 8 0
3428 22 0
3429 10 2
3430 5 0
3431 79 14
3433 4 0
3434 35 3
3435 9 0
3436 8 0
3437 5 0
3439 21 0
3440 3 1
3441 27 9
3442 52 5
3443 20 0
3444 17 0
3445 15 2
3446 5 0
3447 273 10
3448 17 0
3449 248 8
3450 27 1
3451 3 0
3452 2 0
3453 34 2
3454 3 0
3455 3 3
3456 6 0
3457 6 0
3458 7 0
3459 3 0
3461 1 0
3462 42 2
3463 15 0
3464 18 0
3465 20 1
3466 87 1
3467 6 0
3468 59 5
3469 19 0
3470 13 0
3471 2 0
3472 88 21
3473 17 3
3474 12 0
3475 5 0
3476 70 0
3477 49 5
3478 1 0
3479 102 8
3480 49 4
3481 22 0
3482 44 3
3483 2 2
3484 9 0
3485 90 0
3486 12 1
3487 4 0
3488 237 3
3489 160 22
3490 44 3
3491 1 0
3492 14 5
3493 244 12
3494 7 0
3495 241 4
3496 12 0
3497 15 0
3498 6 0
3499 137 13
3500 28 0
3501 2 0
3502 1 1
3503 5 0
3504 2 0
3505 61 2
3506 3 0
3507 61 2
3508 1 0
3510 2 0
3512 30 6
3513 62 7
3514 5 0
3516 13 1
3518 333 38
3519 41 2
3520 40 0
3521 9 0
3522 2 2
3523 21 0
3524 4 0
3525 255 1
3526 166 0
3527 637 40
3528 24 0
3529 43 2
3530 12 3
3532 22827 1272
3533 464 56
3534 21 2
3535 11 0
3536 16 0
3537 24 2
3538 8 0
3539 41 3
3540 5 0
3541 35 0
3542 2 0
3543 2 0
3544 2 0
3545 78 10
3546 656 70
3547 13 2
3548 6 1
3549 35 2
3550 326 14
3551 46 3
3552 55 1
3553 58 1
3554 51 3
3555 102 3
3556 11 0
3557 3 3
3558 1 0
3559 158 6
3560 152 0
3561 259 7
3562 5 2
3563 21 0
3564 27 0
3565 15 3
3566 13 3
3567 92 1
3568 87 12
3569 18 4
3570 322 40
3571 11 1
3572 14 1
3573 31 3
3574 9 1
3575 24 0
3576 3 0
3577 9 0
3578 310 0
3579 21 0
3581 12 0
3582 7 0
3583 16 0
3584 26 3
3585 20 0
3587 4 0
3589 88 2
3590 9 2
3591 6 0
3593 32 0
3594 9 2
3595 6 0
3596 212 0
3597 653 79
3598 6 0
3599 440 32
3600 8 2
3602 20 3
3603 17 0
3604 7 0
3606 9 0
3607 56 1
3608 12 3
3609 7 1
3610 6 0
3611 228 6
3612 3 0
3613 13 0
3614 7 0
3615 15 0
3616 39 4
3617 7 0
3618 5 0
3619 154 0
3620 12 1
3621 5939 881
3622 22 6
3623 2 0
3624 11 0
3625 155 56
3626 115 0
3628 278 17
3629 19 0
3630 258 14
3631 22 0
3632 21 0
3634 87 0
3635 41 1
3636 19 0
3637 5 0
3638 2 0
3639 16 0
3640 4 0
3641 330 25
3642 5 1
3643 25 0
3644 33 6
3645 25 3
3646 58 5
3647 17 1
3648 31 0
3649 2 0
3650 2 0
3651 16 4
3652 3 1
3653 4 0
3654 18 2
3655 142 16
3656 116 29
3657 9 0
3658 42 0
3659 3 0
3660 53 2
3661 16 2
3662 2 0
3663 32 7
3664 13 0
3665 28 2
3666 44 0
3667 15 0
3668 6 0
3669 131 2
3670 24 0
3671 4 0
3672 8 0
3673 536 37
3674 60 3
3675 24 1
3676 2 1
3677 12 0
3678 5 0
3679 275 2
3680 23 1
3681 4 0
3682 1 0
3683 6 0
3685 8 0
3686 7 0
3687 6 0
3688 1 0
3690 35 0
3691 10 0
3692 2 1
3693 15 2
3694 10 1
3695 1 1
3696 18 0
3697 7 0
3698 25 2
3699 2 0
3700 12 0
3701 24 0
3702 12 1
3703 8 0
3704 9 1
3705 17 0
3706 392 5
3707 46 1
3708 3 0
3709 61 5
3710 5389 355
3711 21 1
3712 7 0
3713 10 0
3714 3 0
3715 6 0
3717 105 6
3719 14 0
3720 1 0
3722 443 38
3723 15 0
3724 11 1
3725 26 4
3726 14 0
3727 34 0
3728 14 13
3729 25 3
3730 0 0
3731 20 0
3732 140 5
3733 14 3
3734 12 0
3735 1 0
3736 3 0
3737 6 0
3738 17 0
3739 8 0
3740 12 3
3742 7 0
3743 12 4
3744 6 0
3745 5 2
3746 19 0
3747 2 2
3748 18 2
3749 10 0
3750 74 6
3751 5 0
3752 20 2
3753 4 4
3754 3 0
3755 54 4
3756 19 0
3757 30 1
3758 20 0
3759 7 1
3760 23 1
3761 6 0
3762 135 17
3763 24 0
3764 7 0
3765 71 0
3766 158 11
3767 12 0
3768 44 3
3769 3 0
3770 317 111
3771 28 1
3772 7 0
3773 159 10
3774 0 0
3775 10 0
3776 2 0
3777 110 7
3778 5 0
3779 38 3
3780 14 2
3781 15 0
3782 3 0
3783 11 0
3784 5 1
3785 22 6
3786 4331 457
3787 6 1
3788 13 0
3789 4 0
3790 1 1
3791 0 0
3792 995 1
3793 2 0
3794 4 0
3795 27 3
3796 8 0
3798 14 2
3799 7 0
3800 2 0
3801 10 2
3802 92 1
3803 87 1
3804 10 0
3805 7 0
3806 5 0
3807 602 107
3808 19 6
3809 118 3
3810 80 14
3811 69 4
3813 115 7
3814 22 2
3815 47 1
3817 4 0
3818 1 0
3819 10 1
3820 9 1
3821 1 0
3822 5 0
3823 46 4
3824 15 1
3825 3 0
3826 27 5
3827 43 2
3828 7 0
3829 14 1
3830 7 0
3831 6 0
3832 2 0
3833 31 1
3834 3 0
3835 17 1
3836 25 0
3837 4 0
3838 2 0
3839 9 1
3840 39 9
3841 4 0
3842 15 0
3843 17 0
3844 4 0
3845 7 2
3846 11 0
3847 603 41
3848 45 2
3849 56 0
3850 13 1
3851 26 0
3852 12 0
3853 4 0
3854 19 2
3855 32 3
3856 3 0
3857 68 5
3859 11 1
3861 39 1
3862 59 2
3865 2 0
3866 1 0
3867 6 0
3868 61 2
3869 1 0
3870 3 0
3871 85 31
3872 113 0
3873 4 1
3874 12 0
3875 10 0
3876 1142 7
3877 63 14
3878 1 0
3880 3 0
3881 19 0
3882 46 6
3883 5 1
3884 15 0
3885 2 0
3886 64 4
3887 2 0
3888 66 5
3889 0 0
3890 25 2
3891 106 0
3892 57 0
3894 2 0
3895 27 1
3896 13 0
3897 130 7
3898 92 28
3899 199 13
3900 1 1
3901 1 0
3902 13 2
3903 73 1
3904 1 0
3905 1 0
3906 3 0
3907 7 0
3908 13 0
3909 52 0
3910 8 0
3911 10 0
3913 0 0
3914 16 0
3915 8 1
3916 70 11
3917 96 10
3918 28 0
3919 25 0
3920 1 0
3921 30 2
3922 30 0
3923 50 1
3924 16 1
3925 42 2
3926 14 0
3927 74 3
3928 90 6
3929 1 0
3930 14 0
3931 13 0
3932 4 0
3933 5 0
3934 7 1
3935 7 2
3936 1 1
3937 2 1
3938 11 0
3939 2149 177
3940 6 0
3941 225 6
3942 3 0
3943 9 0
3944 3 0
3945 8 0
3946 9 1
3947 1 0
3948 5 0
3949 11 4
3950 11 0
3951 127 8
3952 89 15
3953 9 0
3954 77 1
3955 9 0
3956 28 0
3957 1 0
3958 175 67
3959 21 0
3960 16 0
3961 44 0
3962 12 0
3963 9 0
3964 15 1
3965 6 0
3966 2 2
3967 31 0
3969 17 2
3970 11 1
3971 130 9
3972 10 0
3973 5 0
3974 0 0
3975 38 0
3977 41 1
3978 10 0
3979 43 0
3980 70 5
3981 17 1
3982 22 3
3983 5 1
3984 5 0
3985 1 0
3986 25 0
3987 69 13
3988 18 1
3989 4 0
3990 3 0
3991 9 0
3992 14 0
3993 22 1
3995 1 0
3996 23 1
3997 102 12
3998 27 3
4000 6 0
4001 4 0
4002 177 4
4003 38 3
4004 35 2
4005 3 0
4006 33 0
4007 2 0
4008 21 0
4009 34 1
4010 13 0
4011 68 3
4012 5 0
4013 37 1
4014 58 2
4015 11 4
4016 1 0
4017 27 0
4018 88 10
4019 1 0
4020 12 0
4021 2 0
4023 16 0
4024 16 1
4025 8 0
4026 28 0
4027 19 0
4028 8 1
4029 3 0
4030 76 10
4031 6 0
4032 9 0
4033 14 2
4034 17 1
4035 5 0
4036 30 2
4037 14 2
4038 13 0
4039 7 0
4040 3 0
4042 15 0
4043 1572 192
4044 41 3
4045 9 1
4046 13 3
4047 9 0
4048 61 38
4049 9 0
4050 3 0
4051 3 0
4052 9 0
4053 58 3
4054 18 0
4056 17 2
4057 155 1
4058 11 1
4059 92 1
4061 13 0
4062 23 1
4063 3 0
4064 2 0
4065 6 0
4066 16 0
4067 21 0
4068 25 0
4069 11 3
4070 809 103
4072 9 0
4073 5 0
4074 56 4
4075 13 3
4077 27 2
4078 12 0
4079 7 0
4080 1 1
4081 15 0
4082 2 0
4083 1253 283
4084 39 9
4086 1 1
4087 15 0
4088 3 0
4089 15 0
4090 7 0
4091 5 0
4092 6 0
4094 17 0
4095 6 0
4096 20 0
4097 1 0
4098 2 0
4099 191 3
4100 47 4
4102 77 7
4103 18 1
4104 18 0
4105 9 0
4106 4 2
4107 7 0
4108 11 0
4109 8 0
4110 11 0
4111 4 2
4112 12 1
4113 27 5
4114 39 0
4115 2 0
4116 405 10
4117 68 3
4119 6 0
4120 45 3
4121 20 0
4122 5 0
4123 70 4
4124 23 3
4125 1 0
4126 31 1
4127 2 0
4128 91 3
4129 19 0
4130 268 18
4131 11 0
4132 3 3
4133 11 4
4134 9 1
4135 9 0
4136 3 0
4137 31 4
4138 24 1
4139 11 3
4140 37 0
4141 16 0
4142 11084 1106
4143 17 0
4144 8 1
4145 1 0
4146 176 2
4147 13 0
4149 56 2
4150 7 0
4151 1 0
4152 2 0
4153 10 0
4154 11 0
4155 137 4
4156 4 0
4157 8 2
4158 2 0
4159 6 0
4160 42 2
4161 4 0
4162 10 0
4163 31 1
4164 11 3
4165 1 1
4166 19 1
4167 15 1
4168 25 0
4169 1 0
4170 2 0
4171 33 8
4172 3 0
4173 468 41
4174 3 0
4175 8 0
4176 7 0
4177 15 0
4178 25 1
4179 1 0
4180 99 2
4181 4 0
4182 17 0
4183 13 0
4184 21 4
4185 1 0
4186 73 0
4187 8 0
4188 3 0
4189 3 0
4190 17 3
4191 26 0
4192 2 1
4193 3 0
4194 72 1
4195 3312 373
4196 5 1
4197 1 0
4198 48 0
4200 0 0
4201 25 0
4202 39 6
4203 35 0
4204 4 1
4205 19 0
4206 69 9
4207 6 0
4208 63 6
4209 16 1
4210 14 0
4211 51 3
4212 17 0
4213 3 1
4214 53 0
4215 3 0
4216 12 0
4217 1 0
4218 17 0
4219 25 0
4220 142 13
4221 10 0
4222 2 0
4223 0 0
4224 41 0
4225 31 1
4226 15 6
4227 16 1
4228 2 0
4229 35 0
4230 49 0
4231 6 0
4232 1 1
4233 66 1
4234 77 8
4235 9 0
4236 3 0
4237 14 1
4238 13 0
4239 41 4
4240 27 3
4241 20 2
4242 289 51
4243 6 0
4244 1 0
4245 52 0
4247 7 0
4248 27 3
4249 36 0
4250 1 0
4251 2 0
4252 16 2
4253 11 0
4254 3 0
4255 31 0
4256 6 0
4257 23 2
4258 21 0
4259 20 0
4260 207 9
4261 10 0
4262 7 0
4263 6 1
4264 2 0
4265 98 13
4266 48 1
4267 19 1
4268 25 2
4269 5 0
4270 56 3
4271 77 3
4272 60 9
4273 16 1
4274 3 2
4275 81 17
4276 53 0
4277 8 1
4278 27 0
4279 48 3
4280 2 0
4281 20 1
4282 154 1
4283 10 3
4285 9 1
4286 18 0
4287 41 1
4289 16 0
4290 3 0
4291 39 27
4292 27 3
4293 1 0
4294 74 1
4296 38 0
4297 27 2
4298 6 0
4299 21 3
4300 4 1
4301 9 0
4302 17 1
4303 16 2
4304 7 0
4305 18 1
4306 22 3
4308 354 22
4309 232 1
4310 2 0
4311 1 0
4312 19 2
4313 59 0
4314 408 0
4315 3 0
4316 6 0
4317 51 0
4318 7 0
4319 17 0
4320 39 3
4321 71 0
4322 10 2
4323 2 0
4324 4 0
4325 38 0
4326 27 0
4327 70 5
4328 18 2
4329 8 0
4330 5 0
4331 43 3
4332 64 0
4333 14 0
4334 3 1
4335 13 3
4336 0 0
4337 14 0
4338 74 0
4339 17 0
4341 5 0
4342 88 7
4343 2 0
4344 6 0
4345 26 3
4346 4 0
4347 9 0
4348 13 3
4350 19 0
4351 22 1
4352 3 0
4353 9 0
4354 40 0
4355 23 0
4356 1977 95
4357 7 0
4358 2 0
4359 8 0
4360 24 0
4361 17 5
4362 10 0
4363 0 0
4364 55 3
4365 15 0
4366 60 0
4367 102 13
4368 14 0
4369 25 1
4370 50 0
4371 4 0
4372 6 1
4373 1 0
4374 14 1
4375 79 0
4376 99 0
4377 239 25
4378 55 0
4379 25 0
4381 15 2
4382 5 3
4383 26 4
4384 31 0
4385 2 0
4386 15 0
4387 8 1
4388 9 0
4389 55 2
4390 12 0
4391 14 0
4392 125 0
4393 45 1
4394 1 0
4395 22 5
4396 8 0
4397 14 0
4398 17 0
4399 4 0
4400 2 0
4401 15 0
4402 31 0
4403 43 0
4404 3 0
4405 314 29
4406 1 0
4407 40 2
4409 8 0
4410 12 1
4411 12 0
4412 28 0
4413 1 0
4414 6 1
4415 1 0
4416 16 0
4417 24 1
4418 12 1
4419 34 0
4420 4 0
4421 23 0
4422 15 1
4423 35 0
4424 10 0
4425 3 0
4426 2 2
4427 379 19
4428 16 1
4429 2 1
4430 152 1
4431 31 5
4432 2 0
4433 123 99
4434 68 5
4435 1 0
4436 3 0
4437 2 0
4438 53 2
4439 23 0
4440 11 1
4441 94 18
4442 20 2
4445 4 0
4446 9 0
4447 29 6
4448 11 2
4449 16 0
4450 8 3
4451 56 4
4452 48 1
4453 255 0
4454 43 0
4455 5 2
4456 9 0
4457 1 1
4458 9 0
4459 5 0
4460 2 0
4461 16 1
4462 43 10
4463 14 0
4464 16 1
4465 21 0
4466 56 1
4467 34 3
4468 126 2
4469 13 0
4470 61 0
4471 87 3
4472 75 7
4473 68 0
4474 9 0
4477 20 2
4478 1 1
4479 3 1
4480 2 0
4481 3 0
4482 2 0
4483 58 0
4484 41 12
4485 5 3
4486 1 0
4487 95 1
4488 21 0
4489 64 1
4490 6 0
4492 17 0
4494 1 0
4495 2 0
4496 8 0
4497 6 0
4498 15 4
4499 38 0
4500 29 0
4501 10 0
4502 30 3
4503 8 0
4504 10 1
4505 12 0
4506 13 0
4507 4 0
4508 14 3
4509 65 0
4510 21 0
4511 116 5
4512 35 1
4513 1 0
4514 19 0
4515 735 49
4517 171 1
4518 38 0
4519 18 1
4520 10 0
4521 5 0
4522 20 0
4523 46 2
4524 1 0
4525 9 0
4526 14 0
4527 2 0
4528 82 3
4529 19 1
4530 62 2
4531 18 3
4532 6 0
4533 50 5
4534 3 0
4535 9 1
4536 66 6
4537 3 0
4538 42 0
4539 21 0
4540 5 2
4541 7 0
4542 56 5
4543 201 11
4544 32 0
4545 26 5
4546 78 2
4547 6 0
4548 8 0
4550 20 0
4551 15 1
4552 5 0
4553 12 0
4554 22 3
4556 19 0
4557 6 1
4558 24 0
4559 7 0
4560 6 0
4561 22 0
4562 11 0
4564 11 1
4565 4 0
4566 4 0
4567 37 1
4568 20 1
4569 67 6
4570 102 14
4571 40 0
4572 166 0
4573 2 1
4574 62 0
4575 51 9
4576 89 15
4577 239 12
4578 10 0
4579 2372 160
4580 24 0
4581 28 2
4582 1488 71
4583 147 8
4584 366 21
4585 13 0
4586 22 3
4587 10 0
4588 28 0
4589 1 0
4591 3 0
4592 10 0
4593 3 0
4594 1 0
4595 37 6
4596 2 0
4597 290 38
4598 17 0
4599 65 7
4600 76 1
4601 11 2
4602 11 0
4604 6 0
4605 2 0
4606 212 3
4607 28 0
4608 4 0
4609 20 3
4610 5 1
4611 47 0
4613 16 1
4614 4 1
4615 28 3
4616 1 0
4617 74 9
4618 3 0
4619 10 9
4620 6 0
4621 12 2
4622 35 0
4623 23 0
4624 5 0
4625 11 0
4626 3 0
4627 22 3
4628 11 1
4629 16 2
4630 3 0
4631 15 1
4632 8 1
4633 2 0
4634 30 0
4635 39 0
4636 113 11
4637 11 0
4638 54 4
4639 21 0
4640 36 6
4641 1 0
4642 6 0
4643 38 3
4644 33 4
4645 28 4
4646 14 5
4647 19 6
4648 1 0
4649 93 4
4650 16 0
4651 10 2
4652 46 0
4653 6 1
4654 114 2
4655 8 1
4656 4 0
4657 0 0
4658 5 0
4659 6 0
4660 169 22
4661 589 22
4662 3 0
4663 1434 56
4664 54 1
4665 42 0
4666 839 0
4668 8 0
4669 5 3
4670 3 0
4671 1 0
4672 4 2
4673 83 6
4674 15 5
4675 225 8
4676 48 12
4677 45 6
4678 43 0
4679 38 1
4680 5 0
4681 12 0
4682 5 2
4683 0 0
4684 8 1
4685 0 0
4686 1 0
4687 233 6
4688 14 0
4689 41 0
4690 27 0
4691 81 4
4692 19 0
4693 3 0
4694 47 6
4695 5 0
4696 63 1
4697 16 1
4698 5 0
4699 4 0
4700 65 11
4701 2 1
4702 17 1
4703 1 1
4704 11 1
4705 36 0
4706 23 0
4707 7 1
4708 2 0
4709 5 0
4710 30 2
4711 28 0
4712 2 0
4713 12 0
4714 15 6
4715 8 0
4716 1 0
4717 11 0
4718 3 0
4719 2 0
4720 563 81
4721 0 0
4722 3 0
4723 18 0
4724 14 0
4725 4 1
4726 7 1
4727 2 0
4728 87 10
4729 14 0
4730 17 2
4731 6 0
4732 24 2
4733 7 0
4734 26 5
4735 5 0
4736 26 0
4737 9 0
4738 2 0
4739 34 0
4740 68 0
4742 72 0
4743 5 0
4744 6 0
4745 8 0
4746 21 7
4747 29 1
4748 227 15
4749 55 3
4750 45 0
4751 9 0
4752 19 0
4753 108 5
4754 3 1
4755 10 0
4756 7 0
4757 2 0
4758 89 0
4759 57 12
4760 44 0
4761 31 3
4763 2 0
4764 6 0
4765 116 1
4766 148 0
4768 73 4
4769 23 4
4770 3 0
4771 752 2
4772 2 0
4773 19 0
4774 14 0
4775 12 2
4776 17 1
4777 23 0
4778 1 0
4779 14 0
4780 16 6
4781 3 0
4782 51 2
4783 4 0
4784 26 1
4785 41 1
4786 14 2
4787 100 1
4788 4 0
4789 71 4
4790 7 1
4791 80 0
4792 38 1
4793 26 2
4794 12 0
4795 10 0
4796 23 0
4797 2 0
4798 3 0
4799 35 5
4800 9 0
4801 23 1
4802 8 0
4803 8 0
4804 19 0
4805 261 2
4806 8 0
4807 223 4
4808 915 84
4809 15 0
4810 8 0
4811 5 0
4812 4 1
4813 7 0
4814 12 5
4815 3 0
4816 8 2
4817 16 0
4818 10 0
4819 11 0
4820 9 1
4821 143 0
4822 2 0
4823 16 1
4825 22 0
4826 7 1
4827 39 3
4828 21 2
4829 13 0
4830 77 0
4831 14 0
4832 65 27
4833 759 95
4835 2 0
4836 9 0
4837 7 0
4838 5 0
4839 116 0
4840 15 5
4841 15 1
4842 12 1
4843 9 0
4844 2 0
4845 4 3
4846 2 1
4847 5 1
4848 11 1
4849 6 0
4850 19 0
4851 10 0
4852 53 7
4853 60 0
4854 19 0
4855 23 6
4856 95 1
4857 27 3
4858 11 0
4859 39 0
4860 131 85
4861 37 9
4862 62 0
4863 9 0
4864 2 0
4865 6 6
4866 26 2
4867 12 1
4868 14 0
4869 61 2
4870 7 0
4871 8 0
4872 41 11
4873 22 0
4874 352 2
4875 5 0
4876 11 0
4877 6 1
4878 8 0
4879 9 0
4880 1 0
4881 3 0
4882 49 1
4883 1442 144
4884 3 0
4885 465 82
4886 14 0
4887 9 0
4888 29 1
4889 12 0
4890 8 0
4891 4 1
4892 11 0
4894 52 6
4895 8 2
4896 9 0
4897 24 1
4898 10 0
4899 9 1
4900 16 0
4901 20 6
4902 27 0
4903 22 3
4904 42 1
4905 15 1
4906 383 65
4907 23 5
4908 123 1
4909 64 5
4910 82 0
4911 7 0
4912 242 7
4913 6 0
4914 1 0
4915 9 0
4916 5 0
4917 4 0
4918 4 0
4919 42 2
4920 7 1
4921 56 0
4922 1 0
4923 3 1
4924 53 11
4925 5 0
4926 189 17
4927 14 0
4928 15 0
4929 30 1
4930 58 8
4931 30 2
4932 58 2
4933 34 0
4934 13 1
4935 4 1
4936 52 0
4937 46 1
4938 8 1
4939 14 1
4941 23 1
4942 394 12
4943 5 0
4944 18 2
4945 82 2
4946 7 2
4947 17 1
4948 5 0
4949 1 1
4950 44 0
4951 132 5
4952 12 0
4953 120 10
4954 9 0
4955 3 0
4956 3 0
4957 10 0
4958 26 7
4960 11 4
4961 13 0
4962 35 1
4963 5 0
4964 46 1
4965 35 7
4966 15 0
4967 7 5
4968 69 1
4969 26 0
4970 5 5
4971 8 1
4972 52 0
4973 64 1
4974 32 2
4975 43 11
4976 36 5
4978 7 1
4980 3 0
4981 61 1
4982 4 0
4983 31 2
4984 14 3
4985 5 0
4986 40 4
4987 0 0
4988 1 0
4989 86 3
4990 10 0
4991 1 0
4992 47 3
4993 14 0
4994 8 1
4995 3 0
4996 42 0
4997 12 0
4998 31 0
5000 6 0
5001 25 5
5002 25 0
5003 306 6
5004 15 1
5005 1 0
5006 584 66
5007 10 0
5008 11 0
5009 17 3
5010 242 59
5011 10 0
5012 13 0
5013 70 3
5014 4 0
5015 38 2
5016 4 0
5017 4 0
5018 75 16
5019 26 0
5020 7 0
5021 6 0
5022 20 2
5023 3 0
5024 10 0
5025 31 2
5026 14 0
5027 75 7
5028 27 2
5029 106 4
5030 43 2
5031 8 1
5032 120 14
5033 98 1
5035 4 0
5036 318 25
5038 88 4
5039 421 5
5040 48 2
5041 280 16
5042 29 15
5043 18 1
5044 25 2
5045 297 25
5046 10 0
5047 3 0
5049 1 1
5050 19 1
5051 18 0
5052 8 0
5053 88 4
5054 5 0
5055 8 0
5056 6 1
5057 5 1
5058 8 0
5059 3 0
5060 1 0
5061 6 1
5064 17 0
5065 2 0
5066 45 0
5067 1 0
5068 2 0
5069 4 0
5070 98 5
5071 22 0
5072 8 0
5073 2 0
5074 449 5
5075 43 0
5076 11 0
5077 37 1
5078 39 3
5079 11 1
5080 18 0
5081 15 0
5082 32 0
5083 34 1
5084 549 54
5085 40 0
5086 43 0
5088 6 0
5089 117 15
5090 1 0
5091 90 10
5092 14 0
5093 9 0
5094 3 0
5095 9 1
5096 18 1
5097 52 6
5098 17 2
5099 4 1
5100 2 0
5101 21 1
5102 7 0
5103 12 0
5104 3 0
5105 1 1
5106 226 35
5107 55 0
5108 11 1
5109 11 1
5110 8 0
5111 84 11
5112 9 0
5113 263 2
5114 5 1
5115 6 0
5116 177 8
5117 5 0
5118 3 0
5119 30 0
5120 331 4
5121 4 1
5122 48 2
5123 51 6
5124 207 4
5125 3 0
5126 1 0
5127 278 9
5128 17 0
5129 7 0
5130 1 0
5131 1 0
5132 85 18
5133 19 0
5134 1 0
5135 97 26
5136 52 5
5137 14 0
5138 1047 69
5139 43 0
5140 161 13
5141 37 0
5142 9 1
5143 45 7
5144 2 1
5145 5 0
5146 22 0
5147 44 1
5148 8 0
5149 24 0
5150 39 1
5151 8 0
5152 1179 95
5153 6 0
5154 0 0
5155 123 7
5156 8 0
5157 37 0
5158 57 5
5159 12 0
5160 40 0
5161 9 0
5162 10 0
5163 31 3
5164 8 0
5165 2 0
5166 4 0
5167 12 0
5168 4 0
5169 11 0
5170 2 0
5171 1 0
5172 25 2
5173 12 0
5175 4 0
5176 5 0
5177 5 0
5178 6 1
5179 241 2
5180 43 0
5181 34 0
5182 24 1
5183 78 0
5184 4 0
5185 6 0
5186 1 0
5187 10 0
5188 30 1
5189 18 1
5190 7 0
5191 7 0
5192 23 5
5194 3 0
5195 56 0
5196 6 0
5197 27 1
5198 15 0
5199 321 19
5200 4 0
5201 5 0
5202 46 1
5203 3 0
5204 22 7
5205 21 0
5206 23 6
5207 84 2
5208 9 0
5209 6 0
5210 20 2
5211 80 2
5212 98 3
5213 57 2
5214 32 1
5215 4 0
5216 17 0
5217 8 1
5218 5 0
5219 1 1
5220 8 0
5221 11 1
5222 1 0
5223 41 4
5224 3 0
5225 46 10
5226 9 0
5227 4 0
5228 4 0
5229 7 0
5230 10 0
5231 11 1
5232 25 2
5233 77 17
5234 6 0
5235 24 0
5236 85 8
5237 192 2
5238 1 0
5239 5 0
5240 3 0
5242 3 0
5243 89 1
5244 6 0
5245 8 0
5246 56 0
5248 3 0
5249 2 0
5250 15 1
5251 16 0
5252 19 0
5253 13 2
5254 9 0
5255 9 0
5256 668 148
5257 86 3
5258 2 0
5259 96 3
5260 9 0
5261 88 4
5262 11 0
5263 5 0
5264 18 0
5265 72 5
5266 7 1
5267 10 0
5268 32 0
5269 36 0
5270 226 8
5271 4 0
5272 7 0
5274 37 7
5275 16 0
5276 24 1
5277 11 1
5278 9 0
5279 10 0
5280 5 0
5281 107 5
5282 3 0
5283 12 0
5284 1 0
5285 44 0
5286 16 0
5287 14 0
5288 28 2
5289 33 4
5290 26 0
5291 5 0
5292 7 0
5293 4 0
5294 117 16
5295 5 0
5296 9 0
5297 28 4
5298 4 0
5299 35 0
5300 4 1
5301 76 8
5302 6 0
5303 0 0
5304 5 0
5305 9 0
5306 0 0
5307 1 0
5308 11 0
5309 8 0
5310 77 12
5311 5 0
5312 17 2
5313 45 0
5314 30 0
5316 9 0
5317 9 0
5318 2 0
5319 1 0
5320 4 0
5321 2 0
5322 1 1
5323 12 0
5324 14 0
5327 53 3
5328 6 0
5329 38 4
5330 35 1
5331 29 1
5332 70 5
5333 4 0
5334 40 3
5335 10 0
5336 50 0
5337 212 2
5338 65 5
5339 1 0
5340 3 0
5341 36238 4216
5342 1 0
5343 37 0
5344 10 1
5345 26 1
5346 3 0
5347 41 1
5348 5 1
5349 32 1
5350 29 2
5351 25 2
5352 2 0
5353 36 1
5354 2 0
5355 8 0
5356 115 14
5357 16 0
5358 11 1
5359 4 0
5360 39 2
5362 140 33
5363 121 3
5364 45 0
5365 11 0
5367 8 1
5368 19 0
5369 2 2
5370 14 1
5371 71 3
5372 10 0
5374 16 5
5375 16 0
5376 112 1
5377 14 4
5378 7 0
5380 9 0
5381 15 2
5382 34 0
5383 29 3
5384 16 0
5385 39 3
5386 9 0
5387 69 1
5388 3 0
5389 3 0
5390 17 0
5391 14 0
5392 11 0
5393 34 3
5394 31 0
5395 9 0
5396 46 2
5397 6 0
5398 14 1
5399 7 0
5400 2 0
5401 9 2
5402 4 0
5403 46 3
5404 4 0
5405 15 2
5406 9 2
5407 86 0
5408 184 5
5409 6 0
5411 1 0
5412 2 0
5413 324 15
5414 187 3
5415 60 1
5416 5 1
5417 1 0
5418 12 1
5419 19 0
5420 32 1
5421 15 2
5422 8 0
5423 204 1
5424 1 0
5425 93 0
5426 5 0
5427 8 0
5428 16 1
5429 126 7
5430 17 0
5431 24 0
5432 3 0
5433 30 1
5434 22 0
5435 3 0
5436 5 0
5437 7 0
5438 6 0
5439 4 0
5440 8 0
5441 95 0
5442 1 1
5443 19 1
5444 3 0
5445 15 0
5446 3 0
5447 3 0
5448 16 0
5449 5 0
5450 9 0
5451 17 0
5453 10 0
5454 12 0
5455 9 1
5456 4 0
5457 3 0
5458 12 0
5459 34 0
5460 11 1
5461 5 0
5462 3 0
5463 37 1
5464 4 2
5465 14 0
5466 2 0
5467 12 2
5468 0 0
5469 15 0
5470 98 0
5471 12 0
5472 227 7
5473 6 1
5474 28 5
5475 3 0
5476 7 0
5477 36 5
5478 14 1
5479 29 2
5480 13 2
5481 149 4
5482 2 0
5483 23 3
5484 1 0
5485 4 0
5486 2 0
5487 5 0
5488 16 0
5489 4 0
5490 77 4
5492 17 0
5493 5 0
5494 8 0
5495 11 0
5496 20 0
5497 1 0
5498 13 0
5499 18 0
5500 23 1
5501 11 1
5502 7 0
5503 6 0
5504 13 0
5505 10 1
5506 8 1
5507 269 44
5508 20 0
5509 36 5
5510 10 0
5511 35 0
5512 185 4
5513 17 2
5514 18 0
5515 1 0
5516 54 7
5517 3 0
5518 3 1
5519 6 0
5520 68 1
5521 15 0
5523 6 0
5524 88 5
5525 5 0
5526 12 0
5527 79 12
5528 7 0
5529 9 0
5530 2 2
5531 1 0
5532 9 0
5533 30 0
5534 1 0
5535 71 9
5536 32 2
5537 121 0
5538 98 2
5539 15 0
5540 10 2
5541 3 0
5542 4 1
5543 21 1
5544 16 1
5545 26 4
5546 24 0
5547 7 0
5548 6 0
5549 19 1
5550 15 3
5551 20 2
5552 60 1
5553 1 0
5554 133 0
5555 2 0
5556 107 9
5557 109 14
5558 27 1
5559 66 5
5560 30 0
5561 13 0
5562 18 2
5564 22 0
5565 1 0
5566 25 0
5567 3 0
5568 3 0
5569 9 0
5571 4 0
5572 16 1
5573 7 0
5574 40 2
5575 60 0
5576 47 1
5577 12 0
5578 79 0
5579 2 1
5580 2 0
5581 18 1
5582 11 5
5583 5 0
5584 25 0
5585 47 3
5586 37 6
5588 7 0
5589 7 0
5590 334 3
5591 6362 375
5592 13 0
5595 8 3
5596 333 35
5597 18 0
5598 32 3
5599 13 2
5600 10 0
5601 44 4
5602 38 1
5603 6 0
5604 10 1
5605 5 0
5606 113 0
5607 2 0
5608 37 8
5609 77 1
5610 24 0
5611 2 0
5612 1 0
5613 42 0
5614 113 12
5615 6 0
5616 6 0
5617 8 0
5618 24 2
5619 19 3
5620 2 0
5621 6 0
5622 13 0
5623 4 0
5624 1 0
5625 47 0
5626 15 0
5627 72 4
5628 14 3
5629 14 0
5630 118 9
5631 8 0
5632 101 1
5633 9 1
5634 5 0
5635 16 0
5636 9 1
5637 9 0
5638 10 0
5639 69 5
5640 27 0
5641 1 0
5642 3 0
5643 34 2
5644 6 2
5645 5 0
5646 41 0
5647 23 17
5648 8 0
5649 19 3
5650 18 1
5651 110 1
5652 9 0
5653 36 0
5654 36 10
5656 10 0
5657 58 0
5658 16 0
5659 2 0
5661 9 0
5662 2 0
5663 4 0
5664 89 11
5665 8 1
5666 34 0
5667 5 0
5670 8 0
5671 2 0
5672 101 1
5673 60 1
5674 10 1
5675 11 0
5676 8 0
5677 21 0
5678 12 0
5679 6 0
5680 10 0
5681 19 2
5682 7 3
5684 0 0
5685 29 5
5686 27 0
5687 15 3
5688 81 6
5689 90 11
5690 4 0
5691 27 4
5692 8 1
5693 1 0
5694 19 0
5695 5 0
5696 50 3
5697 166 15
5698 7 0
5699 19 0
5700 7 0
5701 20 1
5702 17 0
5703 3 0
5704 140 12
5705 12 0
5706 49 4
5707 62 5
5708 29 2
5709 31 4
5710 1 0
5711 5 1
5713 34 4
5714 4 0
5715 19 1
5716 9 2
5717 3928 181
5718 1 0
5719 4 0
5720 11 0
5721 9 0
5722 12 2
5723 6 0
5724 6 0
5725 0 0
5727 5 0
5728 16 0
5729 14 2
5730 2 0
5731 63 4
5732 6 0
5733 16 0
5734 31 14
5735 15 2
5736 41 5
5737 84 9
5738 9 0
5739 48 0
5740 3 0
5741 11 0
5742 56 4
5743 23 1
5744 4 0
5745 15 0
5746 4 0
5747 16 0
5748 20 0
5749 4 0
5750 29 0
5752 33 7
5753 21 3
5754 13 0
5755 538 12
5756 4 0
5757 18 1
5758 12 0
5759 8 0
5760 14 4
5761 1 1
5762 76 9
5763 14 0
5764 2 0
5765 7 2
5766 4 0
5768 17 0
5769 102 7
5770 8 1
5771 21 1
5772 0 0
5773 340 109
5774 72 5
5775 124 5
5776 51 0
5777 179 5
5778 2 0
5780 18 0
5781 3 0
5782 4 0
5783 64 18
5784 8 0
5785 1 0
5786 7 0
5787 82 3
5788 123 0
5789 54 3
5790 10 0
5791 89 7
5792 45 3
5793 16 0
5794 13 5
5795 34 0
5796 81 15
5798 18 1
5799 33 0
5800 113 3
5801 1 1
5802 5 0
5803 2184 84
5804 8 0
5805 4 0
5806 2 0
5807 4 0
5808 31 0
5809 44 0
5810 21 0
5811 1 0
5812 8 4
5813 81 6
5815 23 1
5816 17 0
5818 200 8
5819 46 1
5820 14 0
5821 157 3
5822 23 0
5823 1 0
5824 20 0
5825 26 2
5826 14 3
5827 15 0
5828 54 6
5829 125 1
5830 4 0
5831 36 2
5833 14 0
5834 8 0
5835 9 0
5836 47 0
5837 4 0
5838 8 0
5839 2 0
5840 71 0
5841 24 1
5842 12 1
5843 20 4
5844 20 0
5845 14 0
5846 44 3
5847 79 5
5848 7 3
5849 2 0
5850 12 2
5851 20 5
5852 28 0
5853 3 0
5854 10 2
5855 71 1
5856 12 0
5857 10 0
5858 450 28
5859 46 10
5861 16 0
5862 29 0
5863 3 0
5864 125 0
5865 30 0
5866 94 6
5867 47 2
5868 17 0
5870 348 35
5871 58 1
5872 1 0
5873 12 0
5874 1 0
5875 48 7
5876 2 1
5877 3 3
5878 19 1
5879 43 0
5881 38 3
5882 15 0
5883 9 0
5884 261 25
5885 1 0
5886 3 0
5887 49 9
5888 97 11
5889 10 0
5890 12 0
5891 6 0
5892 66 5
5893 6 0
5894 11 0
5895 15 1
5896 84 2
5897 14 0
5898 8 0
5900 16 0
5901 18 2
5902 22 0
5903 6 1
5904 0 0
5905 37 0
5906 29 0
5907 30 6
5908 176 19
5909 7 0
5910 21 2
5911 14 0
5912 3 0
5913 3 0
5914 2 0
5915 52 2
5916 17 2
5917 24 1
5918 26 0
5919 27 2
5921 16 0
5922 23 0
5923 60 0
5925 27 0
5926 1 1
5927 12 0
5928 82 8
5929 18 0
5930 7 1
5931 9 0
5932 4 1
5933 9 0
5934 6 0
5935 1 0
5936 17 0
5937 26 3
5938 1 0
5939 97 3
5940 5 2
5941 5 0
5942 3 0
5943 13 0
5944 1 0
5945 1 0
5946 54 4
5947 76 0
5948 7 0
5949 1 0
5950 8 0
5951 13 0
5952 4 0
5953 285 2
5954 274 41
5955 15 2
5956 26 3
5957 18 3
5958 247 93
5959 9 0
5960 24 7
5961 44 0
5962 6 0
5963 70 8
5964 33 0
5965 187 1
5966 32 0
5967 4 0
5968 99 10
5969 94 3
5970 20 3
5971 69 2
5972 28 3
5973 23 0
5974 144 5
5975 1 0
5976 19 0
5977 19 0
5978 41 1
5979 4 0
5980 14 0
5981 7 0
5982 5 0
5984 11 1
5985 86 7
5986 72 0
5987 26 0
5988 10 1
5989 12 0
5990 6 0
5991 0 0
5992 8 1
5993 7 0
5995 26 1
5996 32 0
5997 9 0
5998 293 13
5999 6 0
6000 130 10
6001 5 0
6002 15 0
6003 20 0
6004 6 0
6005 2 2
6006 33 1
6008 15 0
6009 37 13
6010 23 2
6011 1 0
6013 12 0
6014 2 0
6015 17 0
6016 196 11
6017 9 0
6018 15 0
6019 3 0
6020 191 27
6021 1463 49
6022 1 1
6023 10 1
6024 586 67
6025 340 18
6026 20 0
6027 62 5
6028 11 1
6029 35 1
6031 57 1
6032 3 0
6033 218 4
6034 24 7
6035 20 0
6036 26 1
6037 9 0
6038 4 0
6039 26 0
6040 7 0
6041 8 1
6042 13 0
6043 169 10
6044 201 5
6045 6 0
6046 200 0
6047 5 0
6048 27 0
6050 4 0
6051 9 0
6052 2 0
6053 4 0
6054 7 0
6056 26 2
6057 47 0
6059 81 5
6060 57 1
6062 3 0
6063 7 1
6064 1 1
6066 66 1
6067 2 0
6069 16 0
6070 4 0
6071 41 0
6072 20 0
6074 9 0
6075 5 0
6077 15 0
6078 11 0
6079 27 0
6080 104 0
6081 46 2
6083 14 1
6084 37 2
6085 127 4
6086 44 0
6087 11 0
6088 7 0
6089 59 6
6090 43 6
6091 6 0
6092 163 10
6093 7 0
6094 7 6
6095 17 1
6096 83 0
6097 25 1
6098 2 0
6099 39 0
6100 10 0
6101 86 13
6102 43 0
6104 9 0
6105 1 0
6106 552 46
6107 52 0
6108 5 1
6109 4 0
6110 10 1
6111 35 0
6112 36 0
6113 16 1
6114 3 1
6115 4 0
6116 2 0
6117 47 0
6118 3 0
6119 14 0
6120 4 0
6121 116 5
6122 40 1
6123 6 0
6124 1 0
6125 6 1
6126 11 0
6127 12 3
6128 13 12
6129 15 1
6130 2 0
6131 35 2
6134 473 8
6135 1820 672
6136 1 0
6137 48 2
6138 5 2
6139 3 1
6141 3 0
6142 11 1
6143 5 0
6144 50 5
6145 86 5
6146 132 0
6147 1 0
6148 4 0
6149 7 0
6150 7 0
6151 6 0
6152 33 1
6153 35 3
6154 41 17
6155 4 0
6156 6 0
6157 9 0
6158 22 0
6159 8 0
6160 10 0
6161 19 2
6162 13 0
6163 46 1
6164 128 21
6165 52 0
6166 2 2
6167 16 0
6168 51 4
6169 7 2
6170 1 0
6171 28 0
6172 13 0
6173 114 11
6174 15 0
6175 231 10
6176 46 5
6177 13 0
6179 21 1
6180 83 0
6181 8 2
6182 120 2
6183 42 4
6184 39 5
6185 36 0
6186 309 51
6187 2 0
6188 22 0
6189 1268 201
6190 95 0
6191 17 0
6192 24 2
6193 200 61
6194 6 0
6195 373 43
6196 48 2
6197 7 0
6198 16 1
6200 3 3
6201 21 0
6203 7 0
6207 4 0
6208 0 0
6209 15 4
6210 1 1
6211 2 0
6212 19 2
6213 9 0
6214 6 0
6215 6 0
6216 20 4
6217 11 0
6218 45 1
6219 4 0
6220 14 2
6221 11 0
6222 6 0
6223 29 2
6224 73 5
6225 7 0
6226 14 0
6227 202 10
6228 6 0
6229 1 0
6230 46 0
6231 18 5
6232 5 0
6233 21 3
6234 8 0
6235 24 1
6236 9 0
6237 22 2
6238 189 16
6239 11 0
6240 13 0
6241 56 16
6242 15 0
6243 15 11
6244 4 0
6245 7 0
6246 22 0
6247 2 0
6248 2 0
6249 12 0
6250 4 0
6251 34 0
6252 6 1
6253 22 6
6254 15 1
6255 24 1
6256 11 0
6257 25 0
6258 11 0
6259 17 2
6260 0 0
6261 14 0
6262 5 1
6263 26 1
6264 30 0
6265 44 0
6266 34 1
6267 4 4
6268 8 0
6269 5 0
6270 41 10
6271 28 0
6272 9 1
6273 4 0
6274 37 3
6275 8 0
6276 6 2
6277 38 12
6278 28 2
6279 413 13
6280 65 5
6281 3 0
6282 16 0
6283 13 1
6284 205 40
6285 20 6
6286 8 1
6287 27 8
6288 174 19
6289 14 0
6290 77 1
6291 10 0
6292 2 0
6293 8 0
6295 24 0
6296 189 1
6297 22 2
6298 15 1
6299 9 1
6300 33 5
6301 9 0
6302 16 0
6303 1 0
6304 1 0
6305 4 0
6307 8 0
6308 18 0
6309 13 0
6310 9 0
6311 2 0
6312 19 2
6313 1 0
6314 9 0
6315 1 0
6316 125 2
6317 36 9
6318 7 0
6319 6 0
6320 1 0
6321 41 1
6322 12 2
6323 12 0
6324 12 1
6325 0 0
6326 6 0
6327 20 0
6328 6 0
6329 665 4
6330 1 0
6331 12 0
6332 11 0
6333 61 4
6334 13 0
6335 9 1
6336 154 4
6338 4 0
6339 9 1
6340 187 9
6341 17 0
6342 17 4
6344 3 0
6345 3 0
6346 28 0
6347 38 1
6348 32 3
6349 14 2
6350 4 3
6351 1 1
6352 406 72
6353 8 0
6354 13 1
6355 7 0
6356 6 1
6357 16 0
6358 10 0
6359 76 6
6360 54 0
6361 103 3
6362 455 31
6363 10 6
6364 4 1
6365 1 0
6366 19 2
6367 13 0
6369 53 3
6370 13 0
6371 52 3
6372 65 6
6373 1 0
6374 13 0
6375 157 21
6376 22 0
6377 20 0
6378 71 13
6379 44 4
6380 52 3
6381 38 0
6382 11 1
6384 17 0
6386 43 1
6387 5 0
6388 119 15
6389 129 2
6390 56 0
6391 7 0
6392 0 0
6393 4 0
6394 52 1
6395 37 5
6396 15 0
6397 1 0
6398 2 0
6400 6 0
6401 51 1
6402 18 2
6403 115 18
6404 80 7
6405 247 15
6406 5 0
6407 2 0
6408 13 0
6409 24 5
6410 5 1
6411 10 0
6412 90 4
6413 30 0
6414 41 14
6415 2 0
6416 101 2
6417 17 1
6418 107 4
6419 3 0
6420 2 0
6421 22 0
6422 23 7
6424 167 7
6425 5 0
6426 54 4
6427 4 0
6428 3 0
6429 2 2
6430 7 0
6431 2 0
6432 2 0
6433 13 0
6434 1579 160
6436 4 1
6437 27 3
6438 6 0
6439 29 0
6440 82 16
6441 31 0
6442 25 1
6443 2 0
6444 4 0
6445 116 1
6446 98 3
6447 3 0
6449 26 0
6450 2 0
6451 26 0
6452 14 0
6453 93 5
6454 2797 62
6455 2 0
6456 10 0
6457 12 3
6459 20 0
6460 15 4
6461 5 1
6462 29 0
6463 25 2
6464 11 0
6465 8 1
6466 214 2
6467 37 0
6468 275 34
6469 15 0
6470 30 0
6472 2 0
6473 2 0
6474 9 0
6475 97 13
6476 25 1
6477 12 0
6478 1 0
6479 19 0
6480 31 0
6481 437 24
6482 7 0
6483 51 10
6484 3 1
6485 20898 3119
6486 560 4
6487 1 1
6488 8 1
6489 5 0
6490 28 1
6491 27 1
6492 4 2
6493 6 1
6494 10 7
6495 8 0
6496 4 0
6497 85 10
6498 4 0
6499 5 0
6500 31 0
6501 22 2
6502 34 4
6503 28 0
6504 1269 72
6505 1 0
6506 13 0
6507 10 0
6508 40 0
6509 6 0
6510 39 1
6511 131 5
6513 114 15
6514 24 0
6515 367 46
6516 18 0
6517 16 0
6518 25 1
6519 15 0
6520 12 0
6521 11 1
6522 15 0
6523 5 1
6524 254 3
6525 3 0
6526 3 0
6528 37 4
6529 18 5
6530 54 1
6531 14 1
6532 35 4
6533 167 13
6534 94 1
6535 39 5
6536 20 9
6537 28 2
6538 6 0
6539 99 17
6540 81 3
6541 29 0
6542 386 3
6543 7 0
6544 25 0
6545 2 0
6546 23 3
6547 7 0
6548 4 0
6549 117 36
6551 198 1
6552 4 0
6553 29 1
6554 14 0
6555 7 1
6556 15 0
6557 11 0
6558 2 0
6559 27 0
6560 8 0
6561 36 2
6562 21 0
6563 11 0
6564 10 0
6565 18 1
6566 131 6
6567 15 1
6568 118 8
6569 5 0
6570 18 4
6571 13 1
6572 46 2
6573 27 6
6574 29 2
6575 171 20
6576 26 1
6577 55 4
6578 13 2
6579 10 3
6580 24 0
6581 26 4
6582 422 36
6583 3 1
6584 12 0
6585 7 0
6586 7 0
6587 2 0
6588 13 0
6589 20 0
6590 12 0
6591 315 1
6592 5 0
6593 10 0
6594 18 7
6595 10 2
6596 10 0
6597 454 20
6598 10 0
6599 6 0
6600 4 0
6601 17 0
6603 23 1
6604 39 6
6605 40 0
6606 114 0
6607 39 2
6608 15 0
6609 36 2
6610 202 0
6611 57 28
6612 25 3
6613 4 0
6614 486 27
6615 92 10
6616 4 0
6617 16 0
6618 1 0
6619 58 13
6620 59 10
6621 15 0
6622 9 4
6623 0 0
6624 5 0
6625 8 0
6626 12 0
6627 26 2
6628 65 0
6629 34 0
6630 22 4
6631 172 14
6632 10 1
6633 26 0
6634 6 0
6635 3 0
6636 8 0
6637 4 1
6638 28 1
6639 27 4
6640 2 0
6641 2 0
6642 25 0
6643 25 1
6644 20 3
6645 12 2
6646 21 13
6647 24 1
6648 4 0
6649 72 3
6650 1437 93
6651 5 2
6652 35 2
6654 1 0
6655 8 0
6656 10 0
6657 23 0
6658 18 0
6659 1 0
6660 16 0
6661 10 0
6662 42 1
6663 15 0
6664 97 3
6665 3 0
6666 19 3
6667 12 0
6668 2 0
6669 26 5
6670 35 2
6671 42 1
6672 7 0
6673 10 0
6674 1 0
6676 41 6
6678 43 0
6679 45 4
6680 27 1
6681 23 2
6682 5 0
6683 2625 434
6684 39 2
6685 2 0
6686 35 0
6687 8 0
6688 1 0
6689 0 0
6692 6 0
6693 50 24
6694 95 8
6695 20 0
6696 6 0
6697 4 0
6698 2 0
6700 3 0
6701 58 0
6702 23 0
6704 1 1
6705 14 0
6706 9 2
6707 1 0
6708 0 0
6709 12 1
6710 133 0
6711 6 0
6712 12 0
6713 89 19
6714 2 0
6716 22 0
6717 6 1
6718 6 0
6719 1 0
6720 17 0
6721 70 9
6722 4 0
6723 7 2
6724 24 1
6725 59 1
6726 5 0
6727 18 0
6728 6 0
6729 34 0
6730 3 0
6731 1 0
6732 21 0
6733 2 0
6734 4 0
6735 1562 84
6736 21 3
6737 1 0
6738 212 7
6739 80 1
6740 29 2
6741 11 1
6742 1 1
6743 27 0
6744 7 0
6745 4 0
6746 112 5
6747 22 3
6748 9 0
6749 84 3
6750 73 1
6751 23 0
6752 42 4
6753 22 0
6754 2 0
6755 11 1
6756 54 8
6757 4 0
6758 15 0
6759 15 1
6760 38 4
6761 56 2
6762 155 5
6763 50 2
6764 145 8
6765 7 0
6766 5 0
6767 65 4
6768 109 1
6769 39 2
6770 7 0
6771 7 1
6772 18 1
6773 2 1
6774 4 0
6775 92 15
6776 71 0
6777 37 1
6778 7 0
6779 30 8
6780 21 0
6781 4 1
6782 24 0
6783 4 0
6784 35 0
6785 3 0
6786 12 0
6787 42 2
6788 11 2
6789 7 0
6790 35 0
6791 3 0
6792 36 3
6793 4 0
6794 35 3
6795 2 0
6796 18 2
6797 45 1
6798 11 0
6799 20 4
6800 2 0
6801 38 0
6802 15 2
6803 285 21
6804 15 0
6805 277 6
6806 1 0
6807 3 0
6808 4 0
6809 17 1
6810 37 4
6811 2 0
6812 14 0
6813 20 0
6814 62 1
6815 22 0
6816 48 18
6817 127 4
6818 12 1
6819 10 2
6820 9 0
6821 12 0
6822 1 0
6823 2 2
6824 13 0
6825 151 39
6826 15 1
6827 33 3
6828 36 4
6829 53 1
6830 326 0
6831 2 0
6832 30 5
6833 8 0
6834 20 1
6835 20 6
6836 3 1
6837 10 0
6838 10 0
6839 6 0
6840 5 1
6841 10 0
6842 7 1
6843 30 2
6844 1 0
6845 23 0
6846 27 2
6847 9 3
6848 12 3
6850 17 0
6851 4 0
6852 109 5
6853 14 3
6854 4 0
6855 28 0
6856 14 3
6857 2 0
6858 76 2
6860 11 0
6861 1 0
6862 27 3
6863 83 8
6864 2 1
6865 2 0
6866 7 0
6867 2 2
6868 90 4
6869 36 0
6870 14 0
6871 25 0
6872 3 0
6873 6 0
6874 25 0
6875 8 0
6876 41 1
6877 6 0
6878 6 0
6879 52 4
6880 35 2
6881 6 0
6882 92 0
6883 15 0
6884 9 0
6885 1440 182
6886 0 0
6887 3 0
6888 6 0
6889 19 1
6890 8 0
6891 8 0
6892 25 3
6893 17 0
6894 60 1
6895 1 1
6896 51 11
6897 1 0
6898 13 0
6899 6 0
6900 38 1
6901 12781 817
6902 79 0
6903 11 0
6904 19 0
6905 298 21
6906 17 0
6907 189 9
6908 3 0
6909 14 1
6910 7 0
6911 11 0
6912 8 0
6913 47 7
6914 20 3
6915 143 1
6916 15 0
6917 78 1
6918 4 0
6919 24 1
6920 1 1
6921 1 1
6922 13 0
6923 166 3
6924 4 1
6925 5 0
6926 34 15
6927 2 0
6928 23 0
6929 11 0
6930 11 0
6931 9 0
6932 20 0
6933 24 1
6934 25 2
6935 81 3
6936 16 1
6937 64 0
6938 17 1
6939 28 0
6940 7 1
6941 32 0
6942 7 1
6943 7 0
6944 7 1
6945 17 0
6946 40 5
6947 5 0
6948 7 0
6949 21 0
6950 7 0
6951 6 0
6952 13 2
6953 15 1
6954 17 3
6955 238 47
6957 5 0
6958 8 2
6959 4 0
6960 23 0
6961 8 1
6962 10 1
6963 723 48
6964 38 0
6965 6 0
6966 1 0
6967 33 4
6968 15 0
6969 1 0
6971 18 2
6972 6 2
6973 19 0
6974 10 4
6975 27 0
6976 11 0
6977 3 0
6978 28 0
6979 8 0
6980 19 0
6981 21 0
6982 35 4
6983 19 1
6984 9 1
6985 23 0
6986 12 0
6987 77 6
6988 18 0
6989 9 2
6990 4 0
6991 4 0
6992 12 0
6993 99 13
6994 1 0
6995 21 0
6996 20 0
6997 209 27
6998 48 4
6999 4 0
7000 4 0
7001 12 5
7002 10 0
7003 34 5
7004 11 1
7005 16 1
7006 14 0
7007 51 7
7008 97 11
7009 17 1
7010 2 0
7011 1881 163
7012 133 1
7013 47 1
7014 15 0
7015 32 0
7016 156 55
7017 5 0
7018 35 4
7019 904 23
7020 19 2
7022 21 0
7023 43 1
7024 45 1
7026 21 0
7027 3 0
7028 22 0
7029 79 13
7030 3 0
7031 5 1
7032 16 0
7033 15 0
7034 80 6
7035 20 0
7036 2 2
7037 1 1
7038 7 0
7039 12 0
7040 1 0
7042 50 3
7043 104 14
7044 9 0
7045 86 6
7046 93 0
7047 3 3
7048 39 2
7049 6 4
7050 15 0
7051 7 0
7052 52 0
7053 3 0
7054 209 1
7055 22 0
7056 1 1
7057 18 0
7059 6 0
7060 31 1
7061 7 7
7062 12 0
7063 32 1
7064 71 1
7065 6 0
7066 3 0
7067 6 0
7068 13 2
7069 5 0
7070 14 2
7071 40 0
7072 84 1
7073 9 5
7074 75 0
7075 11 0
7076 65 0
7078 375 21
7079 17 0
7080 2 0
7081 19 0
7082 5 0
7083 5 0
7084 18 0
7086 45 3
7087 28 1
7088 12 0
7089 38 0
7091 7 0
7092 3 1
7093 21 0
7094 31 6
7096 19 0
7097 68 0
7098 31 5
7099 33 1
7100 4 0
7101 46 2
7102 7 0
7103 6 1
7104 53 0
7105 20 0
7106 98 0
7107 3 0
7108 7 0
7109 1 0
7110 6 0
7111 13 5
7112 20 0
7113 3487 82
7114 29 1
7115 3 0
7116 16 0
7117 27 1
7118 8 0
7119 21 2
7120 7 0
7121 23 2
7122 3 0
7123 9 0
7124 5 0
7125 34 0
7126 40 5
7127 3 0
7129 31 4
7130 24 0
7131 18 0
7132 114 3
7133 18 2
7134 38 0
7135 16 0
7136 20 20
7137 14 0
7138 5 0
7139 24 0
7140 10 0
7142 12 2
7143 258 1
7144 71 0
7145 8 0
7146 10 0
7147 69 6
7148 17 2
7149 1 0
7150 29 0
7151 10 1
7152 3 0
7153 131 0
7154 31 0
7155 2 0
7156 19 0
7157 12 0
7158 91 0
7159 21 0
7160 4 0
7161 41 6
7162 5 0
7163 1 0
7164 25 3
7166 8 0
7167 8 0
7168 6 0
7169 68 3
7170 93 15
7171 21 2
7172 23 0
7173 13 0
7174 43 3
7175 14 1
7176 105 1
7177 99 2
7178 1 0
7179 1 0
7180 7 0
7181 58 7
7182 37 3
7183 8 2
7184 7 0
7185 37 0
7186 28 3
7187 3 3
7188 16 0
7189 7 0
7190 6 0
7191 45 2
7192 5 0
7193 36 0
7194 135 1
7195 79 4
7196 26 0
7197 12 0
7198 3 0
7199 6 0
7200 12 0
7201 103 0
7202 12 0
7203 10 1
7204 34 2
7205 2 1
7206 556 59
7208 5 0
7209 57 1
7210 24 0
7212 185 15
7213 460 78
7214 6 2
7215 3 0
7216 14 3
7217 12 0
7219 3 0
7220 41 0
7221 2199 287
7222 5 0
7223 14 3
7224 3 0
7225 2 0
7226 14 3
7227 12 0
7228 43 0
7229 98 8
7230 10 0
7231 55 15
7232 129 5
7233 83 24
7234 75 9
7235 1 0
7236 5 0
7237 89 5
7238 16 0
7239 8 0
7240 10 0
7241 68 10
7242 18 6
7243 1115 47
7244 1 1
7245 360 19
7246 27 0
7248 22 0
7249 30 0
7250 23 2
7251 1 1
7252 7 0
7253 12 2
7254 2 0
7255 10 1
7256 9 0
7257 76 0
7258 10 0
7259 26 1
7260 29 2
7261 21 1
7262 1 0
7263 3 3
7264 4 0
7265 13 1
7266 12 1
7267 11 0
7268 10 1
7269 22 1
7270 1 0
7271 21 0
7272 28 0
7274 203 8
7275 27 5
7276 1 0
7277 14 0
7278 22 1
7279 75 31
7280 13 0
7281 9 0
7282 0 0
7283 14 0
7284 2 0
7285 19 1
7286 123 5
7287 22 0
7288 11 0
7289 4 1
7290 22 2
7291 4 0
7292 10 0
7293 26 4
7294 23 1
7295 3 0
7296 15 0
7297 227 7
7298 49 0
7299 14 1
7300 6 0
7301 67 0
7302 23 8
7303 11 2
7304 1 1
7305 17 2
7306 1 0
7307 305 19
7309 1 0
7310 1 0
7311 14 2
7312 24 3
7313 2 0
7314 189 10
7315 109 5
7316 37 1
7317 1 1
7318 454 52
7319 135 8
7320 0 0
7321 41 1
7322 16 1
7323 9 0
7324 22 6
7326 9 0
7327 5 0
7328 27 4
7329 9 0
7330 41 0
7331 1 0
7332 12 0
7333 3 0
7334 20 2
7335 3 0
7336 4 0
7337 49 4
7338 13 1
7339 205 2
7340 2 1
7341 3 0
7342 39 0
7343 6 0
7344 7 0
7345 4 0
7346 41 4
7347 68 6
7348 5 0
7349 9 1
7351 7 0
7352 1 0
7353 15 1
7354 1807 61
7355 19 0
7356 10 0
7357 26 3
7358 42 0
7359 4 0
7360 9 0
7361 27 1
7362 67 3
7364 8 1
7365 13 2
7366 5 0
7367 3 0
7368 14 5
7369 73 4
7370 2 0
7371 14 0
7372 11 0
7373 288 23
7374 206 28
7375 1 0
7376 6 0
7377 9 0
7378 17 2
7379 4 1
7380 4 0
7381 39 1
7382 4 0
7383 17 2
7384 3 1
7385 0 0
7386 16 4
7387 11 0
7388 14 2
7389 19 0
7390 4 0
7391 4 0
7392 12 2
7393 9 0
7394 9 0
7396 5 0
7397 107 19
7398 4 0
7399 10 0
7400 12 0
7401 5 0
7402 10 2
7403 104 2
7404 3 0
7406 8 0
7407 22 4
7408 1 0
7409 201 0
7410 1 0
7411 156 2
7412 18 0
7413 5 0
7414 98 13
7415 73 3
7416 38 0
7417 44 1
7418 468 89
7419 0 0
7421 65 20
7422 1161 480
7423 10 0
7424 10 1
7425 6 0
7426 38 0
7427 165 8
7428 505 36
7429 5 0
7430 10 0
7431 11 0
7432 19 2
7433 9 0
7434 5 0
7435 77 1
7436 2 0
7437 10 0
7438 164 52
7439 17 3
7440 3 0
7441 41 3
7442 3 0
7443 14 3
7444 38 0
7445 93 15
7446 48 3
7447 32 0
7448 24 1
7449 2 0
7450 6 0
7451 12 0
7452 113 7
7453 1 0
7454 10 0
7455 13 0
7456 5 0
7457 1 0
7458 6 0
7459 22 0
7460 83 8
7461 4 0
7462 2 0
7463 7 0
7464 47 0
7465 77 4
7466 9 0
7467 18 1
7468 84 3
7469 20 0
7470 58 1
7471 15 1
7472 4 0
7473 1 0
7474 38 3
7475 8 0
7476 44 4
7478 7 0
7479 4 0
7480 17 0
7481 3 0
7482 4 0
7483 2340 381
7484 7 0
7485 8 0
7486 47 0
7487 362 7
7488 2 0
7489 48 3
7490 133 22
7491 50 2
7492 6 0
7493 12 0
7494 18 0
7495 77 2
7496 17 0
7497 22 0
7498 24 0
7499 69 6
7500 6 0
7501 6 2
7502 42 0
7503 116 13
7504 9 0
7505 3 0
7506 34 0
7507 7 0
7508 7 1
7509 2 0
7510 6 1
7511 22 0
7512 10 0
7513 18 0
7515 108 6
7516 19 1
7517 7 0
7518 4 0
7519 25 0
7520 2 0
7521 11 1
7522 23 0
7523 6 0
7524 149 17
7525 18 0
7526 28 0
7527 11 5
7528 22 0
7529 4 4
7530 24 2
7531 2 0
7532 6 0
7533 6 1
7534 49 0
7535 2 0
7536 6 0
7537 11 5
7538 2 0
7539 50 2
7540 19 2
7541 7 0
7542 10 0
7543 17 0
7544 12 0
7545 11 1
7546 16 1
7547 2 0
7548 5 0
7549 16 2
7550 141 0
7551 5 0
7553 39 1
7554 10 0
7555 10556 1213
7556 26 0
7557 49 2
7558 4 0
7560 41 2
7561 2 0
7562 36 7
7563 18 0
7564 330 2
7565 2 0
7566 26 1
7567 16 0
7570 12 0
7571 29 5
7573 38 4
7574 1 0
7575 21 1
7576 15 0
7577 8 0
7578 18 2
7579 38 1
7580 8 6
7581 56 0
7583 12 1
7584 59 0
7585 9 0
7586 92 0
7587 57 4
7588 58 1
7589 54 7
7590 18 0
7591 51 0
7592 239 23
7593 2 0
7594 7 0
7595 8 0
7596 14 0
7597 2 2
7598 191 8
7599 5 0
7600 769 72
7601 79 12
7602 34 9
7604 50 3
7605 1212 142
7606 43 0
7607 14 0
7608 9 0
7609 7 1
7610 16 0
7611 19 5
7612 317 15
7613 471 5
7614 7 0
7615 2 0
7616 37 3
7617 18 5
7618 18 2
7619 41 7
7620 8 0
7621 28 2
7622 2 0
7623 14 1
7624 6 0
7625 50 3
7626 4 0
7627 13 0
7628 9 0
7629 78 3
7630 2 0
7631 5 0
7632 57 1
7633 1 0
7634 7 0
7635 0 0
7636 60 1
7637 14 0
7639 3 0
7640 3 0
7641 5 0
7642 2 0
7643 32 0
7644 24 3
7645 10 0
7646 81 12
7647 17 0
7648 220 20
7649 2 0
7650 3 1
7651 5 0
7652 73 2
7653 13 2
7655 1 0
7656 7 2
7657 113 4
7658 15 1
7659 10 2
7660 13 0
7662 28 6
7663 33 1
7664 7 0
7665 6 0
7666 433 14
7667 86 4
7668 15 0
7670 28 0
7671 5 0
7672 90 3
7673 288 70
7674 7 0
7675 9 0
7676 4 0
7677 6 0
7678 61 3
7679 2136 289
7680 5 0
7681 8 0
7682 98 0
7683 0 0
7684 44 0
7685 8 0
7686 62 0
7687 6 0
7688 11 1
7689 2 0
7690 40 0
7691 15 0
7692 5 0
7693 2 0
7694 19 0
7695 17 0
7696 19 0
7697 18 0
7698 64 2
7699 30 1
7700 3 0
7701 7 1
7702 27 0
7703 16 0
7704 3 2
7705 27 0
7706 764 32
7707 5 0
7708 8 1
7709 18 0
7710 8 0
7711 386 71
7712 5 2
7714 24 2
7715 10 0
7716 29 2
7717 7397 486
7718 32 2
7719 56 1
7720 20 0
7721 70 3
7722 52 3
7723 3 0
7724 186 13
7725 6 0
7726 9 0
7727 7 0
7728 18 0
7729 29 0
7730 21 0
7731 8 2
7732 3 1
7733 30 1
7734 6 1
7735 12 0
7736 8 0
7737 18 0
7738 6 0
7740 23 0
7741 16 1
7742 15 4
7743 1 0
7744 2 1
7745 23 7
7746 33 3
7747 18 1
7748 44 5
7749 16 0
7750 4 0
7751 2 0
7753 12 1
7754 43 3
7755 8 0
7756 11 0
7757 26 1
7758 42 2
7759 17 2
7760 6 0
7761 74 0
7762 13 2
7763 3 0
7764 9 0
7765 8 0
7766 9 2
7767 16 1
7768 33 0
7770 12 0
7771 74 5
7772 42 0
7773 10 4
7774 10 0
7775 12 0
7776 26 1
7777 49 0
7778 10 0
7779 5 0
7781 3 0
7782 69 3
7783 7 0
7785 54 6
7786 51 0
7787 1 0
7788 27 3
7789 5 0
7790 21 2
7791 14 0
7792 165 1
7793 30 1
7795 102 5
7796 39 0
7797 40 1
7798 31 0
7799 54 3
7800 22 0
7801 135 7
7802 22 0
7803 95 2
7804 8 0
7805 78 7
7806 3 1
7807 22 0
7808 27 0
7809 63 0
7810 15 1
7811 37 4
7812 53 1
7813 12 0
7814 1 0
7815 7 0
7816 41 0
7817 3 0
7818 5 1
7819 34 2
7821 14 1
7822 11 0
7823 78 1
7824 6 0
7825 1 0
7826 8 0
7827 30 2
7828 47 0
7829 15 1
7830 17 2
7831 1 0
7832 155 2
7833 1 0
7834 28 0
7835 5 0
7836 2 2
7837 1 0
7838 330 111
7839 15 0
7840 63 1
7841 94 4
7842 55 2
7843 286 1
7845 2 0
7846 66 0
7847 6 0
7848 32 0
7849 54 16
7850 23 1
7851 2 0
7852 59 2
7853 8 0
7854 17 0
7855 15 0
7856 2 0
7857 2 0
7858 40 1
7859 5 0
7860 6 0
7861 26 0
7862 4 0
7863 1 0
7864 2 0
7865 12 0
7867 34 1
7868 33 6
7870 21 0
7871 87 5
7872 48 7
7873 8 0
7875 28 0
7876 10 1
7877 12 0
7878 10 2
7879 4 0
7880 9 0
7881 27 0
7882 40 2
7883 22 5
7884 2640 299
7885 17 3
7886 25 3
7887 19 0
7888 11 3
7889 136 4
7890 9 1
7891 13 1
7892 39 0
7893 51 4
7894 64 0
7895 2 2
7896 22 0
7898 20 0
7899 12 0
7900 1 0
7901 21 0
7902 35 8
7903 3280 572
7904 49 4
7905 29 6
7906 16 0
7907 39 2
7908 150 2
7909 190 8
7910 2545 637
7911 5 0
7912 5 0
7913 1191 109
7914 3 1
7915 12 0
7916 15 12
7917 461 17
7918 16 0
7919 7 1
7920 35 0
7921 1330 126
7922 66 2
7923 1 0
7924 3 0
7925 72 3
7926 32 6
7927 68 4
7928 5 0
7929 20 2
7930 45 2
7931 2 0
7932 19 1
7933 5 0
7934 46 1
7935 5 4
7936 2 0
7937 11 0
7938 9 0
7939 62 4
7940 2 0
7942 5 0
7943 21 3
7944 17 1
7945 10 0
7946 12 0
7947 24 0
7949 33 1
7950 1 1
7951 5 0
7952 9 0
7953 25 6
7954 5 0
7956 12 0
7958 58 3
7959 56 4
7960 63 3
7961 345 0
7962 3 0
7963 36 6
7964 4 2
7965 3 0
7966 11 0
7967 69 0
7968 27 0
7969 5 2
7970 6 0
7971 14 0
7972 7 1
7973 10 0
7974 4643 325
7975 26 2
7977 32 3
7978 6 0
7979 42 1
7980 0 0
7981 4 1
7982 131 9
7984 6 0
7985 2 1
7986 28 0
7987 20 1
7988 21 1
7989 113 5
7990 1 0
7991 9 0
7993 10 1
7994 4 0
7995 19 1
7996 50 0
7997 26 2
7998 236 7
7999 24 3
8000 57 3
8001 11 0
8002 14 0
8004 24 1
8005 3 1
8006 1 0
8007 15 0
8008 4 0
8009 12 0
8010 9 1
8011 119 2
8012 26 1
8013 56 6
8014 8 1
8015 10 0
8016 6 0
8017 2 0
8018 7 0
8019 11 0
8020 36 3
8021 41 0
8022 732 80
8023 31 0
8024 19 0
8025 39 3
8026 12 0
8027 17 1
8028 7 2
8029 16 0
8030 11 1
8031 8 3
8032 221 20
8033 64 8
8034 1 0
8035 23 0
8036 20 1
8037 1620 181
8038 7 0
8039 3 0
8040 27 1
8041 15 1
8042 9 0
8043 41 1
8044 8 0
8045 15 2
8046 14 3
8047 87 0
8048 5 0
8049 21 1
8050 102 5
8051 3 0
8052 23 0
8053 5 0
8054 10 0
8055 74 5
8056 13 0
8057 27 3
8058 121 16
8059 32 0
8060 14 2
8061 3 0
8062 17 0
8063 6 0
8064 41 1
8065 3 0
8066 7 2
8067 22 0
8068 4 1
8069 156 9
8070 34 5
8071 1 0
8072 13 0
8073 22 0
8074 7 0
8075 11 0
8076 5 5
8077 324 7
8078 10 4
8079 11 0
8080 60 0
8081 3 0
8082 9 0
8083 9 0
8084 13 0
8085 4 0
8086 12 0
8087 40 0
8088 26 1
8089 2 0
8090 104 0
8091 11 0
8092 29 2
8093 36 0
8094 1 0
8095 55 2
8096 8 1
8097 33 4
8098 55 4
8099 30 1
8100 5 0
8102 12 0
8103 8 0
8104 1 0
8105 2 0
8106 6 0
8108 85 14
8109 26 1
8110 29 0
8111 37 1
8112 123 2
8113 5 0
8114 11 2
8115 11 0
8116 10 2
8117 20 3
8118 6 0
8119 23 3
8121 7 1
8122 111 2
8123 48 0
8124 1 1
8125 10 1
8126 115 11
8128 57 0
8129 5 0
8130 32 1
8131 65 5
8132 12 0
8133 4 0
8134 7 0
8135 39 1
8136 5 0
8137 11 0
8139 7 1
8140 45 0
8141 27 0
8142 26 0
8143 41 4
8144 336 35
8145 16 3
8146 45 1
8147 17 1
8148 4 0
8149 24 5
8150 10 0
8151 0 0
8152 2 2
8153 11 0
8154 12 0
8155 16 0
8156 3 0
8157 61 2
8158 0 0
8159 0 0
8160 12 0
8161 64 1
8162 17 2
8163 16 0
8164 10 2
8165 6 0
8166 11 1
8167 28 1
8168 24 0
8169 25 1
8170 10 1
8171 7 0
8172 9 1
8174 31 0
8175 6 1
8176 31 0
8177 20 1
8178 1 0
8179 83 3
8180 23 0
8181 4626 482
8182 8 0
8183 4 0
8184 33 2
8185 2 0
8186 89 1
8187 14 0
8188 39 10
8189 10 0
8190 9 2
8191 19 0
8192 18 0
8193 3 0
8194 16 0
8195 10 3
8196 13 0
8197 14 1
8198 16 0
8200 3 0
8201 23 0
8202 25 0
8203 22 0
8204 63 2
8205 20 2
8206 34 0
8207 3 0
8208 7 0
8209 65 2
8210 11 0
8211 155 7
8212 86 21
8214 9 0
8215 14 0
8216 53 12
8217 16 2
8218 181 2
8219 5 1
8220 11 0
8221 1 0
8222 18 0
8223 3 3
8224 3 0
8225 21 1
8226 60 11
8227 5 0
8228 9 1
8229 17 0
8230 163 1
8232 10 1
8233 10 0
8234 104 2
8235 18 1
8236 206 28
8237 2 0
8238 5 0
8239 78 7
8240 3 0
8241 28 0
8242 7 0
8243 3 0
8244 29 8
8245 44 3
8246 153 7
8247 10 0
8248 18 0
8249 9 0
8251 86 2
8252 5 3
8253 193 0
8254 180 3
8255 3 0
8256 1 0
8257 1 0
8258 156 7
8259 113 3
8260 4 0
8261 2 1
8262 46 0
8263 29 3
8265 74 5
8266 4 0
8267 34 2
8268 8 0
8269 66 7
8270 1 0
8271 3 0
8273 13 0
8274 73 2
8276 48 0
8277 62 3
8278 55 5
8279 10 0
8280 0 0
8281 3 0
8282 80 3
8283 61 0
8284 30 0
8285 16 0
8286 167 11
8287 0 0
8288 3 0
8289 10 0
8290 17 0
8291 49 3
8292 545 94
8293 6 0
8294 14 0
8296 2 0
8297 3 0
8299 22 1
8300 14 0
8301 14 0
8302 4 1
8303 16 0
8304 20 3
8305 963 71
8306 15 0
8307 7 3
8308 4 0
8309 76 3
8310 333 10
8311 10 0
8313 7 3
8314 74 10
8315 2 0
8316 34 2
8317 4 0
8318 26 0
8319 8 0
8321 56 17
8322 6 1
8323 17 0
8324 1 0
8325 20 0
8326 34 0
8327 5 0
8328 4 0
8329 8 0
8330 216 18
8331 6 0
8332 78 1
8333 1 0
8334 10 1
8335 1 0
8336 13 2
8337 11 1
8338 9 0
8339 18 5
8340 50 0
8341 28 0
8342 18 1
8343 3 0
8344 13 1
8346 19 0
8347 10 8
8348 1 0
8349 98 6
8350 14 0
8351 38 2
8352 31 0
8353 44 5
8354 26 3
8355 58 3
8356 12 0
8357 43 4
8358 15 0
8359 33 8
8360 22 0
8361 23 0
8362 10 0
8363 33 0
8364 44 6
8366 131 3
8367 8 0
8368 17 1
8369 3 0
8370 16 3
8371 12 2
8372 3 0
8373 12 0
8374 13 0
8375 92 4
8376 8 0
8377 27 2
8378 3 0
8379 11 0
8380 43 1
8381 8 0
8382 17 1
8383 4 0
8384 33 3
8385 12 3
8386 524 59
8387 1 0
8388 32 1
8389 12 1
8390 2094 214
8391 42 1
8392 6 0
8393 36 1
8394 133 11
8395 5 0
8396 76 3
8397 4 0
8398 7 2
8399 4 0
8400 25 0
8401 12 0
8402 104 15
8403 4 0
8404 9 0
8405 33 6
8406 14 3
8407 4 0
8408 2 0
8409 5 0
8410 151 1
8411 3 0
8412 2 0
8413 14 0
8414 8 0
8415 57 1
8418 8 1
8419 5 1
8420 19 0
8421 70 10
8422 368 43
8423 12 4
8424 17 2
8425 19 2
8426 26 0
8427 6 0
8428 6 0
8429 18 1
8430 7 0
8431 4 2
8432 4 0
8433 596 59
8434 7 0
8435 1 1
8436 3 0
8437 32 0
8438 240 14
8439 4 1
8440 10 0
8441 153 29
8442 13 0
8443 14 0
8444 5 0
8445 7 0
8446 0 0
8447 7 0
8448 15 0
8449 23 0
8451 8 1
8452 3 1
8453 9 0
8454 17 0
8455 5 0
8456 57 4
8457 3 0
8458 6 0
8459 5 0
8460 8 0
8461 28 4
8462 14 5
8463 3 3
8464 35 0
8465 4 1
8466 51 1
8467 10 0
8468 4 1
8469 290 3
8470 7 0
8471 3 0
8472 4 0
8473 39 4
8474 7 0
8475 31 5
8476 285 28
8478 8 0
8479 216 2
8480 2 0
8481 38 0
8482 31 0
8483 2 0
8484 15 0
8486 13 3
8487 8 1
8489 5 1
8490 11 2
8492 1 0
8493 72 4
8494 25 1
8495 7 0
8496 86 10
8497 54 1
8498 6 0
8499 3 0
8500 93 6
8501 53 0
8502 16 6
8503 12 0
8504 33 1
8505 95 0
8506 17 3
8507 18 0
8508 61 7
8510 98 24
8513 7 0
8514 23 1
8515 5 1
8516 3 0
8517 67 0
8518 5 0
8519 19 0
8520 9 8
8521 7 0
8522 16 0
8523 35 3
8524 9 0
8525 4 0
8527 73 3
8528 51 0
8530 0 0
8531 5 0
8532 6 0
8533 180 2
8534 3 1
8535 96 2
8536 208 19
8537 10 0
8538 2 0
8539 2 0
8540 11 0
8541 3 0
8542 1 0
8544 0 0
8545 54 3
8546 96 6
8547 31 3
8548 10 0
8549 4 0
8550 1 0
8551 6 0
8552 3 0
8553 5 0
8554 16 1
8555 66 1
8556 41 0
8557 12 1
8558 36 5
8559 63 1
8560 29 2
8561 61 0
8562 15 1
8563 72 2
8564 20 0
8565 2 0
8566 15 3
8567 7 0
8568 15 0
8569 0 0
8570 67 2
8571 7 3
8572 2 0
8573 13 1
8574 5 0
8575 107 9
8576 21 0
8577 69 0
8578 5 0
8579 13 1
8580 610 59
8581 9 0
8582 0 0
8583 4 0
8584 3 0
8585 1 1
8586 21 7
8587 49 0
8588 1 1
8589 24 3
8591 3 0
8593 6 1
8594 341 3
8595 4 0
8596 5 0
8597 42 1
8598 3 0
8599 2 0
8600 141 0
8601 7 1
8602 37 0
8603 1 0
8604 14 0
8605 71 4
8606 17 1
8607 72 4
8608 5 5
8609 6 0
8610 40 2
8611 8 0
8612 2 0
8613 50 6
8614 1130 146
8615 1 0
8616 71 4
8617 8 0
8618 8 0
8619 369 18
8620 19 1
8621 13 0
8622 9 0
8623 10 0
8624 17 0
8625 18 0
8626 7 0
8627 2 0
8628 8 0
8630 7 2
8631 11 0
8632 65 1
8633 7 0
8634 12 2
8635 9 0
8636 47 3
8637 11 0
8638 63 5
8639 7 0
8640 27 1
8641 172 6
8642 48 0
8643 12 1
8646 11 0
8647 3 0
8648 12 0
8649 4 0
8650 17 0
8651 117 2
8652 8 0
8653 716 50
8654 70 10
8655 44 1
8656 55 14
8657 8 0
8658 11 1
8659 19 0
8660 600 22
8661 57 3
8662 381 19
8663 6 0
8664 9 1
8665 4 0
8666 66 9
8667 66 0
8668 4 0
8669 5 0
8671 6 0
8672 8 2
8673 28 1
8674 38 1
8676 29 2
8677 9 0
8678 501 50
8679 25 3
8680 15 1
8681 36 0
8682 2 0
8683 59 0
8684 7 0
8685 6 0
8686 2 0
8687 10 0
8688 437 8
8689 10 0
8690 4 0
8691 4 0
8692 23 0
8693 70 14
8694 7 0
8695 4 0
8696 10 1
8697 26 6
8698 5 0
8699 44 8
8700 1 1
8701 3 0
8702 30 1
8703 19 1
8704 12 0
8705 15 0
8706 77 3
8707 1 0
8708 5 1
8709 9 0
8710 107 59
8711 59 7
8712 127 14
8713 2 1
8714 9 0
8715 10 7
8716 52 6
8717 7 0
8718 6 0
8719 2 0
8720 5 0
8721 306 10
8722 31 4
8724 181 2
8725 17 0
8727 16 0
8728 25 4
8729 3 0
8730 6 2
8731 2 1
8732 9 0
8733 92 2
8734 105 10
8735 9 0
8736 90 9
8737 7 0
8738 5 0
8739 11 1
8740 9 0
8741 12 0
8742 2 0
8743 3 0
8744 5 0
8745 39 0
8746 14 1
8747 2 0
8748 53 0
8750 0 0
8751 42 0
8752 13 4
8753 18 2
8754 3 0
8756 4 0
8757 9 0
8758 34 0
8759 17 0
8760 6 1
8761 11 0
8762 14 0
8763 10 2
8764 77 1
8765 24 0
8766 19 0
8767 4 0
8768 12 0
8769 19 1
8770 1 0
8771 8 7
8772 12 1
8773 155 13
8774 9 0
8775 3832 498
8776 3 0
8778 15 2
8779 10 0
8780 8 2
8781 18 0
8782 3 0
8784 32 0
8785 22 0
8786 42 13
8787 18 0
8788 12 0
8789 12 0
8790 1 0
8791 15 0
8792 15 0
8793 36 3
8794 8 0
8795 73 1
8796 19 5
8797 10 0
8798 18 0
8799 9 0
8800 390 25
8801 5 3
8802 11 0
8803 7 0
8804 4 0
8805 4 0
8806 41 4
8807 20 2
8808 114 15
8809 13 2
8810 30 0
8811 3 0
8812 517 50
8814 18 0
8815 2 0
8816 1 0
8817 4 0
8818 35 0
8819 18 0
8820 3 0
8821 11 0
8822 7 2
8824 33 1
8825 39 1
8826 12 0
8827 10 1
8828 56 6
8829 4 0
8830 6 1
8831 312 8
8832 1 0
8833 4 1
8834 7 0
8835 33 0
8836 7 0
8837 18 0
8838 3 0
8839 19 5
8840 86 5
8841 8 0
8842 19 1
8843 52 4
8844 602 8
8845 26 0
8846 40 0
8847 28 0
8848 38 0
8849 5 1
8850 22 3
8851 4 0
8852 14 1
8853 40 0
8854 12 0
8855 14 0
8856 214 2
